zpid,base_oof_log,edge_risk,edge_severity
1011541,12.119208402802686,0.16378185661034203,0.0509063222931887
1005445,12.930230054813995,0.20308999451725715,0.06204709661577235
1002822,12.210203149815031,0.1366831355551267,0.01637331543635873
1006212,13.09696937065658,0.0748015430254218,0.049744588449114086
1007959,12.678477015450026,0.13340368661529006,0.14487203246035843
1011023,11.825603926992834,0.43297519041771493,0.18425448432784383
1014874,12.71145433755182,0.4037232528121119,0.16847996196805243
1002671,12.686838454251173,0.24489258240233833,0.10735256675121783
1002323,13.189683657714406,0.22644641893464854,0.11226555510124406
1009937,12.439244682148999,0.277827160654962,0.12389516817105398
1003854,13.001037516262713,0.1805151800062187,0.09141335958868693
1015847,12.2792500488992,0.10610145434690955,0.05610199109871159
1016572,12.851197072475765,0.17313730658333645,0.10856495068401852
1004566,13.212934268635397,0.06919017322448674,0.02973877966148504
1001662,12.744467164715537,0.1230482518605309,0.06226636122299507
1012423,12.384790047055667,0.35482645452765665,0.17597225022559773
1004180,13.918730075540136,0.1592712568940921,0.07662056554698271
1000532,13.047827945011555,0.18766583681845467,0.07711248168607501
1004040,12.747558572671425,0.4339136631367827,0.1429475141011972
1009507,12.82866841412744,0.19657905665472883,0.08097879977287022
1002658,12.315328834844928,0.3482258675976903,0.2044577208462781
1012675,13.531863256681739,0.1101254905323829,0.027039262493065278
1008450,13.539436667619922,0.1457268027773505,0.06181406862871709
1006979,12.762194397271399,0.34197365205735597,0.253656711527462
1016717,14.109892719900405,0.09157449941177474,0.08267577885751082
1016875,13.086500503637895,0.24303356610840507,0.12430483916838951
1010928,13.266370597499936,0.2107964352110301,0.1336609810025326
1010002,13.271264470656378,0.09032009719009537,0.07622614828712918
1003930,13.744820087175702,0.11760990957334583,0.05820565541655093
1009881,12.116684692905832,0.12964403782748662,0.1041445152042734
1014137,13.014516268267153,0.12003516804684623,0.06487610027114736
1015460,14.115848879588182,0.16775402995162084,0.07243453583437616
1003712,12.875928616627538,0.23765704575408544,0.07965642966832985
1001869,13.503384455372492,0.11636367421784481,0.056595868116878556
1013663,11.677145193379495,0.19731151590976695,0.08856217200502008
1013647,13.4174475225337,0.13218957221353342,0.05988192125251799
1016041,13.297363639540691,0.45957300644486576,0.14177893255352433
1010809,12.227839277415264,0.3988776506474968,0.08859040945964695
1004106,13.57355523288524,0.13742306603566867,0.04657689337265352
1011446,13.852172434479996,0.07270524078554806,0.031010712535418705
1000342,11.941188430329698,0.17699586253370855,0.05826436800627234
1006067,13.102188734904566,0.27527275878601487,0.15584423304428838
1001131,13.663956459273285,0.0782311590017507,0.03758934516130477
1003424,13.770990655332284,0.242233498834007,0.07555664243822935
1009477,13.432970792244234,0.12383402721987348,0.06213138474803235
1001318,12.030170129886939,0.23024820939667523,0.10329591728067604
1010358,12.604272301946976,0.2076775478276784,0.09196787614738504
1001522,12.843535443696618,0.151121015700292,0.08613303870453669
1008637,12.673520799672513,0.1390161552217365,0.08705023304120527
1009376,11.968956680083748,0.295514136207533,0.10598337444896769
1004827,13.352773340150508,0.1494871808037068,0.04206079405663961
1004848,12.318386945441674,0.12908653017714067,0.06573553820137042
1007831,12.473543834267991,0.23357021550537466,0.11293461653560466
1005103,13.643647132605787,0.07739150230281765,0.01976038394578229
1008951,12.811918587932995,0.2154556207394202,0.15493645477069354
1007666,12.78129514178306,0.1141206922662842,0.043799580426303886
1014545,13.203945144901976,0.2462165826109974,0.06813598117067785
1007308,12.024900771049303,0.3896859598414947,0.2240325606952601
1008501,13.169321158066603,0.10726209608316087,0.010316525534556325
1012036,13.768673473038682,0.23424882128273372,0.09746437797058356
1010214,14.047608740213946,0.06613438129677777,0.06555829881808886
1015576,13.35266175117181,0.1295635250214393,0.04546921574844303
1004821,13.604583208522447,0.08560367902796898,0.04909316405547284
1015531,12.79961382736087,0.1515074869138342,0.06976314194888866
1013902,11.91477357035762,0.1860520914495646,0.07389513169878355
1014398,12.949547741062114,0.15683463950237306,0.0868329033837643
1001092,13.512078583614407,0.35190564227213106,0.10460334703553612
1009260,13.6035628162307,0.09769514422144188,0.051461146744326496
1011403,12.765257474126651,0.23412630434236656,0.08749736557545837
1005356,13.749487143621687,0.13536270309842546,0.10328365010325812
1009811,13.112437002318979,0.08423087375225838,0.04871046267691373
1000359,12.603497051541723,0.2063383611555427,0.13489785594041606
1003602,12.35402559396208,0.25948498429865324,0.12141084682210272
1012671,13.431979337236857,0.158172771455112,0.08925994975232984
1007213,12.402357901040782,0.2107506695447614,0.07105302013948409
1013160,13.18648397641719,0.11927338422899793,0.06583274653196845
1014412,14.03954682374981,0.07610837790686405,0.04474747171321607
1015931,12.869209433197488,0.05101912900627572,0.045246027189139316
1013494,12.960816524151278,0.22001454062548473,0.10938181025985025
1002927,13.220397991323411,0.11840241142756898,0.06018883044586617
1012510,13.657859698170396,0.0967108963867334,0.03631385359730689
1014003,12.983439856835915,0.35605710478321423,0.08561445481005558
1008112,12.93852266846343,0.27941570971695795,0.15260931566468866
1009388,13.153816089462657,0.21402805378896972,0.08021016660296373
1014279,12.651800215150399,0.15890997549825536,0.10041922830420141
1014808,13.693956151251076,0.24889762595946285,0.06740830541107495
1009225,13.107755742643583,0.16215145439263842,0.07025074213295744
1014158,12.75087827866885,0.12192278684412194,0.04899894892063273
1004102,11.912633305442085,0.26028539189549216,0.16624228974429894
1004070,13.008959428559315,0.16394779684254698,0.06964168363162422
1004220,12.076361767374976,0.23560280646606135,0.15237365474546993
1009655,11.853728662623622,0.2972200861117794,0.13473597032906523
1002983,12.708602872120313,0.2725552405750455,0.07689247586570827
1001348,13.30722500539621,0.05421620949160496,0.05207548620775271
1002802,12.557445242832664,0.21261435173483534,0.10465464582664451
1014703,12.012831097898365,0.25760588170179427,0.11903395384877238
1003884,12.93758939946485,0.1153816770168053,0.07275296677664342
1006274,12.943135684281023,0.122715324231745,0.0454495566675415
1014150,13.246067680258395,0.12690390065401316,0.09146470754615124
1001945,14.09682827252074,0.23238468223790287,0.07799384304960197
1010924,13.604305183577978,0.23910863004024638,0.07573830905567816
1015174,13.635745226962277,0.23713355367561806,0.1391325338058561
1000396,12.769932395643847,0.3224400781305268,0.13474271671469124
1003019,13.930091183697643,0.16075553435844947,0.0651864417653635
1013090,12.957769692586716,0.08209204822031688,0.060750572821000506
1004010,12.980368468162778,0.10389069757997625,0.04650958189128855
1016515,13.34742575540598,0.09595952386558775,0.044420460159110206
1011082,13.960254273232648,0.19431731026820986,0.1058154828766699
1016202,12.088149237418849,0.10075198348766197,0.019722811461606895
1004596,13.031495557405911,0.22995775735865043,0.15786059513889658
1004843,12.897230400774953,0.12491166154730829,0.07546602916290282
1003145,13.136986874834463,0.057339045543928775,0.0387520421256157
1016002,12.098432079171218,0.1633559885189126,0.06338721448480178
1017149,13.167538860636107,0.2631458582224505,0.11521812763624081
1014809,13.621096582968665,0.26445098639630227,0.09052260751634046
1010534,13.005969465574223,0.23027221663166406,0.11326697651323268
1009411,12.272757656297179,0.5181013114107125,0.27854463538145596
1005586,13.2932855581518,0.20933821093820545,0.06446434207111477
1000213,13.978830434658391,0.14672723458987194,0.07166916256137754
1014621,13.446080605520558,0.1589774508449058,0.038283957486631215
1013758,12.924440414099001,0.12970367304086983,0.04614729575340529
1013630,13.494878957773958,0.2253989127003144,0.11734429164502273
1007189,13.093226239076085,0.14090007202134794,0.06304842787955615
1007241,13.375855957515803,0.20900037231215998,0.10960738202031553
1016706,12.789129426990423,0.09234561123055303,0.050111847105591426
1015753,12.501584431962486,0.20178545360190694,0.06812980151745239
1007230,12.477515352314935,0.12178393213382294,0.0477110940266139
1014174,13.752854288543741,0.30985111989200914,0.09843490484791143
1012498,12.857968777728823,0.26821467594070203,0.08079452766375199
1008126,12.331982335281035,0.4050349798156897,0.26983080917156743
1007807,13.221778483197646,0.1445094055348198,0.08875718143728496
1002407,13.009006955541983,0.1370319993273836,0.04556290602514059
1013002,13.135773504297191,0.0818052805541864,0.05474729454722708
1016866,12.253015423159665,0.23107461482558475,0.10788971790918861
1015051,13.028280432981528,0.2088092020512038,0.06771167338261246
1009116,12.954400219391228,0.19525170888638102,0.07081456753949486
1012134,13.522631227941302,0.12444148573490782,0.037063158578795906
1010528,12.00978824819236,0.19736803381072254,0.0883779924441039
1017357,13.859065951073767,0.24679449348478005,0.0727632926921658
1016521,12.511886703846274,0.30641690951019707,0.08682242702026313
1010298,13.066472718467352,0.06554611967332064,0.03852847690789863
1004712,12.916110378526971,0.18262906080074454,0.07586707282670369
1008587,12.774278991215928,0.09766918007072815,0.044494436855114027
1015523,11.705093562592948,0.2738713763622015,0.07921123684758881
1004063,13.086239372805375,0.2564904738877404,0.13227755969006857
1002562,12.790476174305228,0.2704057666959482,0.08648029042100885
1015767,13.92126593707001,0.06188095231893977,0.05626225155009728
1008314,13.053372241964578,0.15271812634700757,0.051045844291928856
1006718,13.296913044714572,0.07591961889154338,0.050629815386329234
1013019,12.627207424261698,0.23167987648716423,0.16259171349859355
1012090,12.528142236981692,0.5361707623765561,0.28309982348024054
1009600,12.6767851989082,0.5543125870569732,0.29386464614853297
1014434,14.209663417289029,0.062421113599500734,0.06819382390125776
1009886,12.859231366825226,0.10558775180954852,0.0704520400258717
1016620,12.929468549259434,0.08239054698408826,0.03693519383950165
1013515,12.471883117136993,0.344118546494202,0.14328866842556626
1004342,12.963322771859415,0.25719869767402087,0.10283791837540109
1015681,13.178456633560145,0.1307717759529054,0.04718150528078727
1001385,13.53542962630835,0.11450760550335924,0.04007440741202545
1005203,12.747941321307149,0.0821442247295159,0.04642955660111468
1000793,11.912749274186657,0.18069777378482232,0.07647111929485949
1000555,13.663297506845472,0.251532313881889,0.08771696816139071
1008562,13.254631322261146,0.24117442579793144,0.09326144860045195
1009321,12.985331430251833,0.06576420102531302,0.062314040806165046
1009633,12.862614308693963,0.04659681822384528,0.036799752732309746
1002761,13.636908186133027,0.1038669489660126,0.032883837114537365
1004905,12.779386593301234,0.1726945610359519,0.10646793389949712
1011495,13.146221631893956,0.11448963264792307,0.06829260611112563
1009035,12.3783598678342,0.20924456606625244,0.04777140910515024
1015597,13.347746332945421,0.18423105218614955,0.08040471170985666
1006200,12.903558860409555,0.2641970508802527,0.1455665615703257
1009234,13.655809057315647,0.08397208029378796,0.04001183542882556
1001307,13.82113620203114,0.3238613168504059,0.15067304540020796
1012767,13.560340656912697,0.20403810538630143,0.08311893001485493
1002597,13.950226153382728,0.2148912990292278,0.06012899749881065
1006043,13.088759490088611,0.08034640052456091,0.05780909790333095
1015566,13.733554251367632,0.09293592848086399,0.04600148583228567
1001570,13.459400496732465,0.19399225859196068,0.1523431795668696
1014163,12.718595067027678,0.24059482764823376,0.07456576603950665
1015907,12.678227540193943,0.46321126407794183,0.18648353866482378
1003395,12.84687959925976,0.24787778252585124,0.11440934200933768
1001473,12.945175471512266,0.19053085351152382,0.08995399293331736
1007815,13.518078306707368,0.18639975639395098,0.05216283398241577
1002950,12.96442661210517,0.14622118865467176,0.05471289409604422
1005259,12.383738033164363,0.2517096266511555,0.07927488139085509
1001735,13.947277152861105,0.24116903165276418,0.06585637633499561
1005236,13.078944873348737,0.0660879221196264,0.01212125243256252
1017215,12.852442941053335,0.1625956245915988,0.08820361819946805
1014555,12.744789906283946,0.2971535948082472,0.1468112434003157
1017172,13.17545521114826,0.14933887729034614,0.05689532562875262
1011432,13.005375338351264,0.2551637722316093,0.0833981946270847
1009418,12.96249946928769,0.1937822306143466,0.05100697000796953
1011535,12.78682115851438,0.2878362409550661,0.07692407510878461
1016808,12.678110575092782,0.15606942386897357,0.10112868148181758
1005437,12.872609412909421,0.275521690189012,0.1696414202267091
1016830,13.041253366181904,0.05136057960373988,0.0700343917867103
1005694,13.453296421259234,0.20759079642794298,0.0924231506661758
1000790,12.041618384240286,0.1898480079772747,0.13273973866892827
1010884,12.036731673176954,0.20308024711455852,0.17770308056677586
1005038,12.759197054786775,0.35352483920354444,0.12360965036747451
1015316,13.87361873164244,0.22802592259988025,0.06414776279575356
1002929,13.872406007290358,0.17824246623814116,0.12795800807066762
1008179,12.833909817347102,0.15610507236005275,0.06723888349470349
1007653,13.305554269868573,0.08041416674448615,0.051166386969432646
1005542,13.228820762185899,0.24079973341050934,0.17636559679338726
1004840,12.593986110096553,0.174618602341149,0.058458065671271826
1006593,13.845275883409002,0.15312157615864957,0.054315238471685096
1013372,13.530839817140043,0.105146968059017,0.09339408495690364
1005349,12.926166217391078,0.0721563696149141,0.04143076442066453
1001289,12.684039021583882,0.22650512186947563,0.12131633057190888
1009658,12.983550486610575,0.2237808152368271,0.07229466909371841
1011744,13.862281219923558,0.2523993475353976,0.0835289556426321
1005345,13.070683444929935,0.4305908428839824,0.3207728316418404
1004474,13.023349280112432,0.29359457504500086,0.12477683640548534
1005391,13.304014370364683,0.1457748618395649,0.057262621548003205
1008242,13.751411385518102,0.14478207439133553,0.08321316647726737
1004654,13.136520555527198,0.10102197670074714,0.06643794757677846
1015774,13.578637339218318,0.23213019747018196,0.08322388140643533
1009905,13.357326592779547,0.30721966508297904,0.09642572664207882
1001030,12.184496624848506,0.2862718922351461,0.08211041621858386
1004976,13.038394137256605,0.14924366677886833,0.05729704501616109
1017465,12.973379899158015,0.08722772407455061,0.03279077990079789
1017080,12.765960603969148,0.11341507022135977,0.03313392519252662
1017553,12.578843011257923,0.23956659869927957,0.06896230794432692
1014529,12.657810698535537,0.24873365369251957,0.1464381203545263
1003025,12.308873084306882,0.1519776648952524,0.08645187688066129
1009174,12.95122504034729,0.27548569337894535,0.09881287528565473
1008125,13.565365700767847,0.14588252624677947,0.054132413272723126
1000892,13.310347454168353,0.10957261333203958,0.11607261096789546
1016921,12.676150229428226,0.2638209259318609,0.13459679451297993
1014603,13.223215569646205,0.09348958250044924,0.04743929955342528
1011817,12.747050178952607,0.15417855930852464,0.08832197619075115
1003364,13.186811624257524,0.11200684188340182,0.04775906275938825
1009593,13.39841890211824,0.2571062889292774,0.08754783773377832
1005915,12.773164355604516,0.35550066571123895,0.24913380475691083
1012930,12.30159616604802,0.17941894670205813,0.11629740748124101
1002006,14.00098128371223,0.09309396631579941,0.03581492497750816
1001805,13.084854975458262,0.28271421350070514,0.2324672576216399
1009914,13.43538344285875,0.2392826676740657,0.10797108166296905
1017594,13.407356570712613,0.24296133483502005,0.14852494814582448
1006836,13.638390182802546,0.11485198139354734,0.049146998506623005
1004238,12.965921895886256,0.2751967962950497,0.12987334978639667
1012198,12.983930791169074,0.2028827883825629,0.05607255480725316
1010411,12.735170529942172,0.22191823165557126,0.04401494863995672
1015351,12.814955017832338,0.14037384544645276,0.10261681787660759
1001979,12.995230287371333,0.13756699318526264,0.044427660722563114
1006358,13.799127193766815,0.3638861412484968,0.08795819465805403
1001880,12.690831024622637,0.08975262902665983,0.04115895840471943
1009849,13.004236415670292,0.4272235997884212,0.1408906792618436
1012045,12.387202223703385,0.1571501031987056,0.05988892461904942
1011508,12.08279581344026,0.16924825552203843,0.15581412555022453
1006843,12.936063959315371,0.11011846495866819,0.045254085768794486
1002312,12.809159720799931,0.2251080930660876,0.11611465364600984
1006507,13.390806453470306,0.06504749711201357,0.019501109891758562
1001266,12.846294498011842,0.1440346190237795,0.09282365645231398
1017344,12.942277456085128,0.0473821725838228,0.044294170534135195
1006046,13.007644332712196,0.04929056596083789,0.0310760934069327
1000271,13.130163977172666,0.2132516864017069,0.13806856532485198
1016221,12.106728751379038,0.3885449030756579,0.16414854375192597
1011047,13.397040172413638,0.1713203756807711,0.06862217074478894
1008416,12.621764643344257,0.40667267104778976,0.12698560356931657
1003404,13.474325254316302,0.11826225838911282,0.08308958521828239
1000256,13.035368593742179,0.1213179090337514,0.0469984398520445
1006259,12.857998941226997,0.20190245542220392,0.0844927484088265
1013644,14.076043581866264,0.29295291500975107,0.13676957833586129
1015190,13.337106393006243,0.21287063610272483,0.07697280709137873
1014008,13.621230347976807,0.32119415548346886,0.19394708518898102
1014526,13.806626492672388,0.24279581773094988,0.06548043868434122
1008798,12.878616321425598,0.20927832213594702,0.11375749196402092
1009015,13.17982933489791,0.21204641257366452,0.08886725768536749
1007494,13.018579190222601,0.18390469223463984,0.06661291660908422
1014999,12.042017743582749,0.39381441222951213,0.2071001463686245
1005244,12.767433007531459,0.09805578997781349,0.04837148014394027
1003582,12.279224289975824,0.1468436612861614,0.0698648539950436
1010388,13.665832790307133,0.13825675810718663,0.11836112147045667
1013510,13.492322108431845,0.43888932735513425,0.1244305103424967
1002092,12.773834984521116,0.29565324090773637,0.11624154291502563
1007850,13.79929028052232,0.26477804009929073,0.1444796886912937
1005557,12.17273604282068,0.30407957612078146,0.13787747435995065
1003940,13.670437919374471,0.14245011249332554,0.07534568224972542
1015852,13.01924331883443,0.2556369996619436,0.08111693701704482
1016294,13.229058286539244,0.2779643208790055,0.12008611853429835
1007156,13.551795960379819,0.29446644281133066,0.20107763255170555
1014939,12.979865810937845,0.062050134008714564,0.0813315502893012
1016416,13.418382524149905,0.10462406245303356,0.04991426742580464
1004823,12.557188754588124,0.14867280312017,0.06634760179844187
1012390,13.198136097271465,0.3706142105983832,0.2154837226603982
1002074,13.113482272663205,0.10735592293978999,0.10044104412838803
1014463,13.172196422048264,0.24015602243097206,0.24757928284481412
1012903,13.318256905904315,0.09710012306281844,0.05540584359962397
1012428,13.07305903093071,0.198972049675542,0.0527993333934401
1005460,12.322466035610221,0.24762989201027652,0.15835238464185344
1003460,12.747419410431098,0.1772526679602774,0.10767114728878713
1011214,13.706631696699784,0.1909510027383708,0.06909030741450824
1005531,13.054539792694639,0.07562246193628812,0.07944518123685813
1016432,13.015757949449197,0.2538963577081058,0.10429942304405904
1006096,12.48449744682672,0.29106255570902617,0.15524660749181415
1016783,12.435118726626117,0.167387940612402,0.11617869921172516
1015514,13.820057536788745,0.063510186327937,0.029356074039603997
1003475,13.102226992457418,0.2723367232272347,0.08384448649155068
1002634,13.270290721235066,0.40134670133389216,0.1119391650442889
1004100,11.714301158595534,0.3192182398152341,0.15073241931142145
1002370,13.81121039519729,0.2667314287559815,0.16960359286469687
1001684,12.982603409331064,0.4440354309374845,0.12000564338090532
1001628,12.1030941844952,0.17630522279005506,0.09664919966851168
1000305,13.435917917903476,0.14466135473794145,0.052929915700634364
1002360,13.267092088908681,0.140905196262379,0.08247994644709905
1007991,13.300783144241473,0.08647008857201673,0.07412473336450641
1010315,12.499492582171236,0.3821909268855579,0.1633947226676545
1008719,13.947947417295076,0.29513029952736863,0.12334525946178382
1000823,12.440550826858678,0.1575178306364613,0.0734247145297616
1016469,12.911598963326782,0.1889328009743445,0.10229818804520019
1012812,13.933718894091687,0.14434797262218416,0.09654491561649069
1015352,12.464808199289973,0.1544250546175537,0.10951279185593779
1013784,12.464634580924498,0.1274156908811973,0.0396561196269628
1000246,12.618006902287648,0.31238089128317614,0.12282972584676966
1012054,12.786222437980056,0.13752975723759184,0.0719043439218573
1004512,14.185600780675934,0.20591358126552076,0.09638850389424446
1007311,13.260930826949195,0.16536397532447217,0.10227180432000677
1006059,13.504825021668083,0.2350155060174315,0.09424925962356256
1006977,12.043794921948852,0.4635329641437482,0.13612504834123496
1006966,12.94137858390072,0.09403234966808749,0.049053870538175
1015315,13.595883631474791,0.1712123475861798,0.06545023146102624
1015792,13.299596389986842,0.1085801938220359,0.0768652580884505
1016669,13.166257275149206,0.07364009549200196,0.10535042954040312
1017467,13.309671979573656,0.24291194425598212,0.14812789613466565
1007987,12.305652514349243,0.24298334922742967,0.14163092275044661
1016040,13.412284017995635,0.18790383949347572,0.0721559201473004
1003359,13.795764309930382,0.13958358857426112,0.04432970963312892
1013210,13.725235762513693,0.2531284662226048,0.0803418526700122
1016271,13.45973889531257,0.20968373512807545,0.06878601402426894
1003949,13.066641741833633,0.15093715811882805,0.05050572529613404
1008007,12.213273092729017,0.2024838212763025,0.08500433798206189
1007779,12.985960892148345,0.14360790963067652,0.09089760313123504
1010316,13.417104773065796,0.11983935993131858,0.031332595948114085
1010204,12.941770943418478,0.2957345883118342,0.11943061402998202
1000018,13.98650968523608,0.10540701225333844,0.057338509482143474
1006803,13.03209422723765,0.036557549580338335,0.028674593813470987
1008084,13.563228842759289,0.12984078709894661,0.05052520089032781
1016725,12.436048050195234,0.1250809171355196,0.03602936483209186
1004178,12.86109193903731,0.2086163530715693,0.14047526592035992
1016085,13.434995541907671,0.19252629771200866,0.08379375529617687
1013655,11.63326362758746,0.16613449435998276,0.06130966556124381
1005844,12.774984366649106,0.20606814083443986,0.09073884653946378
1000028,13.228420431838927,0.3785166133534479,0.09605224576908424
1003273,12.136859752227553,0.1707660945497075,0.07164713321479631
1003573,13.251832084685866,0.14052144134059355,0.06360111452900416
1010462,13.97118007509602,0.1281504225025466,0.056154429653533976
1014476,12.900160032359349,0.1672363902839116,0.05398159554118857
1013448,13.502769183947274,0.06311827069158858,0.03986539267144174
1010440,12.97661262691443,0.10918692508340234,0.045831233518670675
1009263,11.649609374381305,0.3366516526542602,0.07580483398002603
1016608,13.725234156570187,0.12811284666932518,0.12437549369418008
1005467,13.232693006131855,0.19405140190514442,0.0668062801503532
1016444,13.871944279689515,0.22294287975360785,0.08001288359301172
1015446,12.031742029868303,0.3050243451593711,0.09376830591963321
1005478,13.573577993261916,0.38635461996581827,0.1255613136220964
1015605,12.868360360240251,0.2599098249584587,0.11532506852182196
1014578,13.017079660570245,0.0790284139566176,0.040759365069378196
1014081,13.041384481924013,0.13132548070413477,0.047992713698540516
1009133,13.77951324825564,0.20733210975194316,0.10070991108869058
1017087,12.631761167694014,0.20043064831316176,0.05662363595181994
1001160,12.328300403222887,0.27585203360092625,0.06589546487518409
1011028,13.262150311671768,0.213903555484508,0.16602321527377709
1012817,12.284937664365996,0.20692690676742767,0.1552157287667116
1016755,13.983764708687518,0.08125199311925439,0.03553808389113581
1008512,13.237981702558812,0.16750919375300963,0.22291493694234682
1001911,12.665266644844193,0.11325270942587745,0.060355633975734825
1010490,13.639545028184266,0.12100176069526929,0.0679899968304177
1014366,12.803711023501608,0.26454553286405447,0.07234663771351395
1004514,12.828142572379914,0.18980886333424804,0.09277002317854449
1006923,13.234008873648937,0.08842437842738521,0.028658098209082543
1013149,12.916370507340604,0.2857347615140889,0.18810660988057157
1004811,12.973772815539057,0.11004985647445623,0.04319867952469047
1007384,11.697629583664988,0.4524932519562041,0.13650127245434493
1008814,13.18899656027302,0.1628504273282051,0.06950903156173811
1008066,12.01475239259885,0.3005566603967717,0.09148553972674807
1008167,13.100687842400482,0.10877434318437373,0.07904036979770478
1012075,12.626729662361884,0.17788229105136644,0.13776408960833614
1011412,13.593691257417193,0.3383936633816884,0.15618587355620053
1010877,13.182488474324689,0.10707607281669713,0.05257145661492685
1014519,13.741663418101979,0.19830711767009498,0.048788659953019904
1003182,12.203843488051149,0.11355239872184207,0.034888944273934394
1005150,12.225423222618797,0.23543530028456391,0.16266700891434438
1012763,11.756473119802367,0.37790646195380095,0.12194050893498858
1002589,12.55210336969167,0.21673315600651935,0.11135661032203233
1007698,11.95127767572722,0.23673442917101714,0.07277245801747316
1005025,12.3717194128221,0.18146995081003056,0.05164272026061447
1000446,13.50519081698387,0.1467967638457561,0.06667411924147194
1002248,12.887936412089264,0.07112617346812658,0.05423419291205664
1014229,12.923045642370417,0.24807708659320143,0.0927447586713067
1008796,13.856413697120884,0.10086981621556616,0.06413808375294108
1003440,12.325830709507485,0.38764524233349956,0.12278191761455758
1012955,12.243929502663208,0.11940991562462064,0.11409064488352134
1002375,12.777236934898857,0.40731767106032357,0.31476590455199926
1013015,13.314304959886323,0.10390824407447795,0.09481114749912942
1005896,12.974844384408826,0.11762089377250258,0.05250264130161281
1016769,13.449075509183762,0.18526940411733642,0.20215133481062986
1013945,13.269989661452012,0.1981026257141554,0.09260999734026686
1016360,13.93057930814092,0.08594354227736288,0.03684613995836761
1001106,14.144879721059121,0.0936495048407964,0.08568188735022161
1006195,11.756711752569371,0.18927353129872804,0.14157941004610602
1008579,11.794406599221356,0.26409329183537505,0.13485227804885028
1017130,13.266168800736272,0.06207286829336318,0.0392394670157621
1004886,12.736882346880046,0.270618404541766,0.12467116912320442
1015318,12.809043975442881,0.13539732418147168,0.08061501306388867
1001277,13.232864789971169,0.16550953269346902,0.10172994949036687
1003656,12.894061668976022,0.2950780143940667,0.12718121132544197
1004142,12.949864008330502,0.1292072751394646,0.05789448068602704
1007492,13.11815767866934,0.11791268378522336,0.033432669263091894
1009239,13.187470750848712,0.04155222528077239,0.01519588775427347
1017539,12.753317240349359,0.3550585542151987,0.12785446140360815
1003755,12.171013567350087,0.1647799488346819,0.05139927371419921
1008279,13.231473751047236,0.1371774373268933,0.07983372429217404
1000291,13.175727131775384,0.25069523625171425,0.1952497813117198
1010065,13.045837196174459,0.25825049258266536,0.11209241775091361
1012787,12.907519207257355,0.19099184239531233,0.11300511245969372
1004822,13.873508597791817,0.2071582807217456,0.049341292774475846
1006463,12.822484298162447,0.2742965950345085,0.06118889701390511
1010892,13.085451352273262,0.0633921950540502,0.04031585832511231
1017543,13.258291864242414,0.19848692757967992,0.05103497161109111
1007135,13.721910327701618,0.2506110954342784,0.09385260025293264
1015474,13.527127779221665,0.27315584509890534,0.0841829173496607
1012868,11.59180543499329,0.18305139845708784,0.09652052369473536
1001226,12.93432412295199,0.13619884270673624,0.06791714586645141
1011318,13.709673007383737,0.0862249135085469,0.053707744258326515
1004175,13.196914123703161,0.2774491961625808,0.13933228903800216
1017445,13.306559482868103,0.11678556863081632,0.05557809666532691
1013963,13.118397746429146,0.2485414266351067,0.08829832337631704
1006643,12.657325606599416,0.12756709966221866,0.08073016574411034
1015308,13.365070679745639,0.14365627508081738,0.10737649724953653
1011471,11.537561895535944,0.35668622415764134,0.1866057454522625
1016388,12.017810601617867,0.29960305097987067,0.19958175533082936
1005998,12.745832257360505,0.29349650935620425,0.12459661434567618
1001042,13.433872499551157,0.1155627059398325,0.07178869608943028
1014472,14.02192331242396,0.11828753826037124,0.04517167678166489
1002385,12.533608159254472,0.14662758174311127,0.08492791206542635
1009151,13.242676843331969,0.20054055485699326,0.09099891845335938
1002024,13.167348633521184,0.3931326626008405,0.11944007967691855
1003468,13.113889509145588,0.06105444277698097,0.021240747502362475
1016748,13.006407220343634,0.24574874470227437,0.11221672903546377
1009704,12.818667948308297,0.2097990431187614,0.0693674728198142
1005299,12.846484232587384,0.18775843219728802,0.06832153721573464
1007344,13.213652406316442,0.09683159283020822,0.04754540412773659
1013742,13.193111777686637,0.25137388007854466,0.15983975753002752
1009794,13.63968398197235,0.12653242695325392,0.050368094878788565
1010633,13.474627397070053,0.20281178863616262,0.09626388941490807
1010603,12.20466436111793,0.15342246164764634,0.08902843587097485
1009117,13.922314405515404,0.2093134252570555,0.06589105528975395
1000617,13.006997173666106,0.384960839491249,0.18385288186102253
1001692,12.969601066571734,0.07495188476328918,0.03531790273842816
1004340,13.683587873432979,0.26471039772175126,0.10233252568400453
1017295,12.543316991805133,0.15757075532746279,0.08929798923620885
1004120,13.063638586806384,0.16811439087974747,0.056443985846769844
1016584,12.895724967639724,0.3026246160325117,0.08109022298253221
1009531,13.004491358368208,0.05428617811571871,0.03709260173072949
1014781,13.345638511102555,0.14098731635881617,0.03826900287379765
1003474,12.096442907203006,0.4626708370099203,0.4177223000428534
1014988,13.34200236150261,0.11611303217340377,0.04713553144471605
1007075,12.4431594280363,0.22236535900544402,0.13297827004941845
1000862,13.284846871971252,0.12274756247319697,0.05173481643122073
1009980,12.393437335603712,0.1986913341194168,0.07996192580795819
1013862,13.003904766738993,0.1754713766741622,0.12164751433969961
1013534,12.443621223102747,0.22083341898989547,0.12765784268505057
1003370,13.388976336119265,0.37636370252877843,0.1523465571319768
1012043,13.231861432082452,0.06773464212149516,0.10664408073520101
1005072,12.767594697607171,0.37298205459516504,0.10906589329946317
1009236,12.414853474553391,0.12512740461023397,0.03955268624746729
1003672,13.142131496768902,0.053887113526561045,0.044044874030922804
1002876,14.218394080918518,0.2791180199517933,0.1458108136985281
1011865,13.66459748418611,0.2205780165795889,0.08784020424131773
1004044,11.77487773186032,0.34235943114356293,0.1237541586911295
1015250,14.059637862295299,0.24382666588813184,0.07094986263070513
1016718,12.905153275005972,0.32069978675054184,0.13477690390619682
1012713,14.259061777943765,0.13992340140447723,0.08990560977582286
1013306,13.67548328189106,0.2190933591493946,0.1516206010405919
1005600,13.576333861433666,0.08853333381380493,0.07625655848030186
1015601,13.037093266990961,0.10524308481661916,0.08496482912459714
1005886,12.61014808883636,0.11336280648346894,0.033109045659515446
1003266,13.106859737866435,0.18716439906420804,0.08874405585128259
1010872,13.788418539828749,0.1970950569488855,0.06318089763413962
1005146,12.868367753621584,0.07891970273240813,0.039244299201655806
1003186,13.819916816895704,0.312867871947096,0.13253413116683133
1017226,13.054483464924678,0.12560324228715816,0.0685675463113729
1007346,13.554989058577561,0.2319920565429282,0.06790107750901012
1002766,13.356189482428015,0.2075048495312345,0.056679239793618386
1014453,12.423149315445217,0.1049960895321047,0.05784213426302743
1010857,13.573809118810273,0.26746111914043735,0.11546482276057847
1014264,13.282744711005286,0.1342764184525069,0.059966919128424105
1008214,13.71935336987348,0.26692268281368536,0.2449471388683533
1014637,13.255536533902704,0.25051343762495804,0.11282595093123964
1010489,11.62752438841782,0.1172641109660268,0.04223978511832009
1011834,13.9449370266376,0.25437854223203016,0.11103957195087263
1002469,13.308751145007802,0.17989592391860168,0.06466599702548576
1003570,12.519339712648422,0.3401682242726416,0.15640507138425683
1000952,12.238865997295157,0.0757379162770201,0.03241050949211899
1010000,13.6840204680512,0.2439401774631608,0.13941914457603735
1007348,12.889313992503816,0.12312198762412027,0.042808157171327146
1007629,13.852466766377363,0.30187497492208704,0.14717686171240774
1010833,12.621179150404645,0.3459958399312337,0.14844430239424572
1015015,12.903943744846789,0.1592850867424102,0.04770909183093112
1014647,13.517979923454122,0.2910566972436999,0.11751780582278835
1010821,13.216434244039336,0.4915648409989727,0.11328089008541349
1012994,13.145269725471083,0.4057443692512853,0.18625604933682477
1011526,12.400015290322962,0.22164423314974377,0.0913256582496077
1010345,13.135908249776145,0.05914688423980975,0.015743076900677732
1013082,12.92229164516398,0.17649801394567557,0.09010647459373539
1004828,12.937883778955934,0.15451576768916328,0.23098849709296093
1011597,12.900267334484115,0.1022114266309086,0.08368910456989173
1014718,13.464263823608363,0.08790245403686718,0.04472476327832158
1007994,12.951817577337552,0.09289116827509412,0.07995315511369858
1006890,12.567480669757597,0.20710969140026161,0.09162390384214163
1008600,12.58474502570923,0.4100092642293147,0.23970314013893487
1005583,12.012076760069588,0.1896742629114806,0.041259648890886014
1014973,13.512770800951275,0.29126501959210993,0.2321722183213012
1009246,12.829382527203633,0.17651863142979785,0.042274744920136546
1003915,12.563192077958357,0.10993875239105128,0.047324145668943704
1008981,12.191500464786477,0.16119217055222404,0.07482725432047392
1011472,13.902495916147716,0.18219598257460892,0.06405307946754818
1004833,13.6713138386939,0.07677246976367906,0.03722487721942089
1002986,13.408983588058861,0.19401137309342484,0.11299371902777337
1016695,13.600038574049918,0.22298031793027412,0.04203085366263413
1009743,14.151380703705955,0.10649449194512904,0.07483292577078919
1014196,13.02079105706006,0.1264481153212168,0.07787450184280335
1001497,12.04970788209755,0.39491228653530197,0.30543110088137065
1002203,13.770850945885492,0.210421234423592,0.0540664015063973
1006038,13.99225244926857,0.12903747057707154,0.0679945901736316
1004215,11.564408621082402,0.3160461072639323,0.13185132834300345
1014368,13.211856568214152,0.14309027929883372,0.08449526862225537
1014260,11.900938126164954,0.2535439749727202,0.0680613269700514
1007885,12.472856756520676,0.16219349241927625,0.04536247939896295
1004865,12.979680479845246,0.30942081017278983,0.08100523768302997
1006375,13.887418771893223,0.1829044570373625,0.07281173723968916
1003936,13.337964509015137,0.16409570636816612,0.10898669227852892
1010012,13.075555735818172,0.16778837087131263,0.09119906983614597
1014902,12.78480739693489,0.1386196606828646,0.06489400754154993
1005254,13.78508309819946,0.19272311644224682,0.1259845280442348
1007026,12.888783360711784,0.1036644297122912,0.08319053396414015
1002170,13.846196943261024,0.20971801813113863,0.12561333295208502
1006622,12.475542666359786,0.16625956252359333,0.08437325119035943
1005891,13.578883582323593,0.14141307182565743,0.11337497540539239
1007293,12.650885680162,0.2820595699195498,0.11798333136763055
1009672,13.250306255321899,0.2704261846292468,0.11991225672827649
1007693,12.60464410668031,0.1288094844680827,0.11860973378285405
1015418,12.959772630454895,0.28923119464094377,0.09290772194751253
1008152,12.363995575543498,0.15160836632672292,0.09217805429731213
1013078,13.116674760395162,0.201118593751331,0.09289412204079485
1000159,12.408169426723623,0.23018043531398835,0.1137239485995061
1003066,13.02802628081072,0.1479801902989742,0.06893594716933843
1013416,12.345445307006548,0.1320606683313629,0.0651449913480615
1005956,13.67555342418256,0.10231123304107821,0.04294129796361221
1005414,11.745278901957372,0.16686244573359665,0.10199189858154686
1000200,12.704556239512685,0.09396792638089015,0.024064975509881747
1000393,12.67881502870568,0.2068926175534731,0.08530081875380803
1003716,13.106238234499628,0.2851743364530636,0.20710996984806243
1006268,13.04412132251487,0.2524667830625926,0.1749072574015046
1013554,12.871882725690483,0.23535737987855399,0.08419421422493387
1010977,13.080438192808897,0.11835476174983595,0.06087720744249542
1002241,12.894774503970895,0.06081588347418694,0.027761753507451404
1013826,12.905110629917344,0.11518682544089959,0.08875937562049072
1007544,11.563757165760471,0.2608473782038263,0.1950913965063663
1006023,12.474281171276255,0.09615639229966882,0.08409968319766328
1008841,13.431463168033899,0.41480721677423477,0.12177621061874301
1009733,13.709067515880134,0.44320791634737017,0.10884743056659084
1002075,13.20870119967399,0.22690596962461165,0.20875519119854663
1001639,13.56132107487192,0.14929016146802468,0.05100194463203124
1013980,13.883742623296271,0.16653172614321435,0.1425019713594287
1003193,13.258396991232956,0.09194537480358549,0.03573572543928878
1001763,11.841440806627821,0.21487067770576163,0.10323747897045418
1006385,13.727487632935304,0.20983420895937002,0.06054640319032914
1011185,11.541214500673727,0.22649183334879777,0.07484037767024582
1005524,12.896244851754238,0.14892244315971215,0.05350117030125334
1000169,13.505168349051859,0.2576281145880037,0.2309799006217508
1010936,13.366815299952645,0.24447530681186497,0.06777976283289117
1006324,13.464185125866427,0.4130474119968539,0.10276195588196152
1000714,12.774891636334857,0.2930528126066445,0.09866397660984132
1007808,13.715680475832274,0.12393135518624566,0.06341723756653198
1015608,11.608476953910474,0.26645099857851196,0.11091702423213483
1011228,12.475586541899723,0.30736437767243113,0.17973810134739274
1008724,13.255024767592788,0.5402273540945934,0.13486984765867355
1010385,13.637818294295798,0.19157520568218675,0.05865028081360666
1011303,12.31473468787504,0.06508442296180018,0.023416078270413608
1014598,12.466886275218705,0.10492064701356218,0.04866481410111283
1014095,13.47124508049845,0.3477010376135516,0.1153759988763512
1003415,13.435842224441302,0.30279322720616486,0.11926665981916228
1011123,13.152930025096879,0.13390911739612954,0.06571847601595275
1012094,13.151374592326492,0.23607987033298772,0.08153337328702338
1002439,12.477280937873521,0.12615560345909396,0.08190816777827295
1014974,12.972686523271115,0.10869223492067709,0.05294056229257599
1013379,12.16734760246588,0.2968811722004293,0.21693241017025375
1017481,11.906422354670585,0.3657453834742528,0.1397780566067757
1007591,12.827955095789145,0.21573327605658293,0.16244583631259646
1000627,13.425564546843798,0.16277608572108834,0.10263073283059385
1004584,13.365885202302715,0.2969094341379606,0.07966135691326168
1017118,12.395946472614341,0.23615951402586186,0.07334114651973565
1013662,11.560792613270351,0.18494286923550685,0.0967206109898368
1013239,14.06121618108083,0.1392059212292068,0.08597922109994106
1008698,13.066708959143417,0.23882089532274203,0.21074696078348948
1005986,13.57764771390705,0.06349457093881127,0.029430603204026
1005619,13.2757704912436,0.1706398841636175,0.09271844390753294
1013318,13.176792453447643,0.2902345787305479,0.08614642702830141
1008925,13.959916755012346,0.09215052825957086,0.07467490118034012
1004248,12.093358653527018,0.2458083778375379,0.13074838254563292
1011140,13.15136143843466,0.4273313686737777,0.11765926172005638
1002835,13.292762225711954,0.17701295040009551,0.044983828831617494
1000847,13.215536119363357,0.2778346618361974,0.07473812153409874
1015275,12.406419216280021,0.19294653834193712,0.09599320101297423
1011105,12.180152597217742,0.1642976260118407,0.08944102244757579
1008298,11.354877636131905,0.16640286013337124,0.08342446873587649
1012396,12.935063853889242,0.05016771781805681,0.05098020182372808
1001756,11.855230044606904,0.22522352048881494,0.0828985815290199
1006413,13.8716651250791,0.09849377129648211,0.03981470265275891
1016325,12.96936470730446,0.0779636740625906,0.04785056770036295
1008958,12.815207004822401,0.1621496418845925,0.04249984045944973
1014058,12.974889005273496,0.23231636129739597,0.07269144416611553
1013620,12.084244677375388,0.19823547019691712,0.18273142173570933
1001145,12.533323725649035,0.21502636077084758,0.10887740639190717
1005385,11.775627885188259,0.14891969636562177,0.03318467988781282
1008911,12.882508415258128,0.04436647017811794,0.02780199656366747
1016862,13.97396549934389,0.12817949696291062,0.07757779141776165
1003714,12.958491697225236,0.17540662358423464,0.05270482047859518
1007355,12.325576681371707,0.11650020801550848,0.053285079037363174
1004834,11.631780309600193,0.2559554819261491,0.15744078796725441
1006403,12.863907812232108,0.41787308386826644,0.1856794762874816
1013819,14.039329780450245,0.19632537924809065,0.09289900672008533
1015350,12.899605980767221,0.08191073936117221,0.02139472723535932
1013871,13.419096865589689,0.21486322677182898,0.18771089010684563
1007737,12.771010640297307,0.16717429455482438,0.050399919229397426
1000070,13.160499777866123,0.11426712489959198,0.040097447931414155
1000405,12.624493543104428,0.22872052883898045,0.18845620256416157
1014419,13.019369771406033,0.18826573513628153,0.08295179619038302
1016259,13.749755424677419,0.14876074089297567,0.06804306149494459
1016926,12.592112237995073,0.41015723786308805,0.3942534853824581
1001039,12.776155048452528,0.15931659046432906,0.04498112173142144
1016799,12.659101158201931,0.14878762302017506,0.06574724985407013
1011714,11.50072782579174,0.22497447623975483,0.10135327546098478
1010409,12.765946366428903,0.24062729067536126,0.05267005078928163
1008130,13.262642117840462,0.10656514201031617,0.06177229097559728
1008379,12.738545842757675,0.0638076269408716,0.062422824188196634
1011546,12.642220799286038,0.20728616699449653,0.056056806041593035
1009048,12.717896842320506,0.140934505340974,0.09397151890963082
1007190,12.069925616739132,0.2863526547316136,0.13717844096264079
1002507,12.976589733106634,0.10383140846808711,0.030207891167437
1009284,13.156698861644522,0.08565224686684227,0.063533846491673
1006258,12.275654256516662,0.32295114979539175,0.20894600214810616
1012509,13.872366695317567,0.10880913193692161,0.05358856349086469
1013317,13.617235052780782,0.5638092580553449,0.09209236359579669
1017528,13.711894312176605,0.25529375722916287,0.11330463423884976
1013816,12.81172250553711,0.19317062666278365,0.0929420471921556
1016001,13.717051385409174,0.1857553570301291,0.13913551891694595
1005353,11.542321296591076,0.4213122843411897,0.10041189052704327
1014607,13.31512785361298,0.30510466950721077,0.10804786094945555
1002673,13.118305017833608,0.26797482559951485,0.11734548072746573
1002947,11.541043676655837,0.2340484079212568,0.12447466247696012
1015185,12.551582365237152,0.19315504433724118,0.07257459336021015
1011142,13.495928107535088,0.13414321243550562,0.035900569339095044
1007167,11.92978370964822,0.11652947858207958,0.04799595742685822
1007853,13.63563959378167,0.3836774450901156,0.09678384684222371
1006291,12.706100175078019,0.18789295323810704,0.0767453915160017
1001831,13.723579969445831,0.1467965937388702,0.10111592451196136
1003943,12.873534592090147,0.1630544823536963,0.09989838075840358
1015730,11.823509771015477,0.2614888948429554,0.1749820666175726
1000824,12.274565496085117,0.20207178106680895,0.2182064261928154
1004349,13.240589030936066,0.08971538017597731,0.03037026600255825
1000868,13.286624239305397,0.17424632519631655,0.0948663104820256
1010185,12.513213465116547,0.1451576678025131,0.0725133592893464
1006082,13.247747662123958,0.1525595515447649,0.0572482852937819
1016632,11.974983959112256,0.17523193602778334,0.04936169541430081
1004329,12.630738291685596,0.1056570438302537,0.07010747010365789
1013253,12.135534226654045,0.3079791612445641,0.1626480987301198
1003900,13.721616920151904,0.2334941204903493,0.07622959045241445
1016821,12.533001648977049,0.2760903430359339,0.0865457671925431
1011544,12.842861970330043,0.08346943157179004,0.03349693968591368
1002593,13.501891939085306,0.13737444022256814,0.13915964076450577
1015784,12.687357359155444,0.2149125980399227,0.10116352691478121
1013383,13.96431674396562,0.06834167182887305,0.11881049738857238
1012023,14.019084973965692,0.23437471619802983,0.07252079844478995
1006834,12.355186980419353,0.15455346360003772,0.05734957903740202
1001181,12.525718780238844,0.2822385072690197,0.07433468547296125
1003859,13.487067783809504,0.13485308882751296,0.08640645098381598
1006339,11.64102795252049,0.21866642506192926,0.09342493938466788
1000726,13.72779218255066,0.1279098232167822,0.06423756711788084
1013968,13.474991781568828,0.3785118585071656,0.10703742948105623
1006060,13.187763246605,0.05307918808750654,0.06877381896163189
1004510,13.688993534483862,0.15831113925172371,0.06671795549722717
1012376,12.941705529555534,0.10716965440080281,0.047816941040520554
1010176,13.051227852241746,0.1890685282020072,0.1018717993223806
1011755,11.729259610155433,0.2762351744328365,0.06553040162754702
1008159,12.885758819638491,0.14674725541360187,0.04761682374829108
1017579,12.05097753930813,0.17079522097000532,0.06302254973734696
1003144,13.936623344941946,0.22193151318475668,0.07312011287895437
1004037,11.76245875687623,0.22210187391827052,0.10511729011195443
1002779,12.643971215273403,0.0949718206330611,0.0580707661580623
1011051,13.754029165182347,0.13529565668158336,0.07788954675527777
1003351,11.71788552003836,0.11887458442870906,0.0381775316817044
1005879,12.182481648821891,0.21275174256838758,0.10031814703513708
1003929,13.28826082901117,0.22086694895237646,0.09903778348098123
1011465,12.216181520590993,0.2675559320348061,0.13209838260941165
1001534,14.117549300526269,0.1730205208732768,0.0599091722143328
1003141,12.408399274262896,0.20789155615614396,0.0675772025057056
1010389,13.293519772314148,0.09383294315097326,0.0673982408293243
1017554,13.524143309295733,0.2294177912428007,0.08485749050512605
1003225,12.914361355145376,0.10784676408658149,0.0800846714491752
1008308,13.35997494621095,0.08396146506276136,0.02829596646729043
1015023,13.404186020346662,0.15115635560361831,0.07072225592445448
1015030,13.197636159910653,0.2212066373029448,0.0897760815798242
1013025,12.95847302343313,0.1726449161195945,0.06471720280537797
1017358,13.639086037020313,0.3780848613748971,0.1002047974777589
1012889,13.130171213930039,0.16313191172441205,0.10167877241823621
1004032,12.974057607573833,0.17278810837745812,0.1290730125974353
1017587,12.911021133786294,0.12690116702686474,0.01583093046479015
1004288,13.222432293714455,0.20350424738257109,0.07254343706187498
1017129,12.1130487401887,0.21657702451478147,0.14545411113895995
1012522,12.904106550199476,0.2320237499537403,0.08232074229916991
1001598,12.845091494219238,0.09704599615201827,0.08915903827347367
1005137,11.56162925715987,0.21701893162987615,0.09291378050822403
1016042,13.075652279519803,0.24394209134936692,0.07984946072107678
1011956,13.82665375943362,0.1730651130172139,0.06788433460211232
1001718,13.762040983592687,0.05036964246192762,0.0390656547359396
1012684,12.929654601078042,0.17008417735882042,0.044156724886330954
1015077,12.719695200154474,0.101570912819864,0.05151067080928082
1008103,13.503495568409061,0.44974811411706955,0.13572196255674948
1016915,12.70523103357325,0.21222178957120422,0.07641371503004896
1003228,12.77808147323197,0.26315800158971414,0.1568659294434813
1016639,13.189750415808819,0.1094945750245809,0.04230596035901848
1016815,12.932411811989857,0.20255341945381003,0.033533161452092716
1004814,13.411313451832617,0.1577126112529672,0.15867398015185918
1005495,12.9106544066375,0.3852625102427548,0.14535007073614079
1008670,13.085906390507722,0.1281896904590958,0.07719398216006244
1015982,12.587050788937239,0.26703930935020526,0.12471583877448901
1001394,13.011750824083052,0.28708223270983,0.16191066747319963
1004046,13.133074586600541,0.09348868132768602,0.06131440488477365
1003532,13.278585959407723,0.22900579097534957,0.08730238365038163
1010956,12.432961269226082,0.3766672638713646,0.12443763908544588
1001404,12.73057209669789,0.12726303466834382,0.04853082643027223
1001134,14.25129237862725,0.2601596225907572,0.09891377068076786
1002078,12.936091134604734,0.1471458753432505,0.06032509976532364
1006900,13.131378315532013,0.07020207940030228,0.06367717450460336
1006404,12.51514204131285,0.09240942233923478,0.011846036658392728
1001242,12.593912616261127,0.24659556987720163,0.15162058326935907
1000759,13.630687036358921,0.16449067932303085,0.09498810173969537
1016782,12.950752375814938,0.2798262854707233,0.08890904000533155
1014422,12.246740662290016,0.16731476438229417,0.10500770923269753
1014518,13.451438691288539,0.368788742203071,0.10243197830277902
1000646,13.183266390866493,0.1881662758419509,0.08375480997495023
1008590,13.35213958178337,0.12673541892349088,0.10233519042402424
1003788,12.977065862654845,0.09802080593335613,0.051716934622082156
1015822,12.726928203327764,0.06776780703670557,0.06280175891294591
1017024,13.10898524819917,0.3669275294760347,0.17175544415294836
1012783,13.898154002947537,0.37875653411173615,0.11183267863847703
1014818,11.360037820291346,0.3297861203327196,0.18921889058073274
1003235,13.3029894818419,0.23435860240660228,0.05098445747386863
1017436,12.817092045971476,0.08964644968687843,0.025264088787043327
1014107,13.173137388357677,0.19454295392956183,0.13689267352936743
1001167,13.50669060089335,0.29907436327611236,0.06569357681428409
1016366,13.425692427762018,0.18000376255501443,0.08689512435206781
1017448,13.716053811605276,0.12695017490138508,0.11432638516813429
1016716,12.23700923199544,0.29749489343710495,0.09904369457556075
1000675,12.523173690599554,0.1889386687300024,0.07134385693377798
1015335,11.824731106633093,0.16456005620807826,0.05641483022912133
1015112,12.664834424452842,0.3104049313006062,0.16783985024796172
1001264,13.008450236475774,0.24376593436213323,0.10036735625848739
1015780,11.990930593228049,0.1717186110306259,0.12660134103586176
1007614,12.804481311949539,0.13163658800996036,0.0719343138528059
1004383,13.653455744571206,0.09078764173201807,0.06002368991399044
1009164,13.507273160215505,0.23646322761312932,0.14164171119909996
1005223,12.796818608771348,0.3061393056618038,0.19298551838923203
1008967,12.851884204716416,0.21602444145089972,0.11027308628901289
1013912,13.442285994007515,0.11316248116427959,0.04800103823768814
1001047,12.964937183760988,0.12924796157953447,0.06867351014722176
1011815,12.498763713132524,0.13665716427331545,0.09701660213858987
1003126,13.697694479066378,0.11125286539644488,0.02248879735709971
1000302,12.7772511052602,0.21065302517808912,0.10102633791554569
1013581,12.632852300046189,0.16525856588168544,0.09163752737544852
1012532,12.683603669692433,0.3805936980748208,0.22139176196032026
1012410,13.793530786622574,0.15869006116518686,0.0753332606331949
1016407,12.439537678946692,0.32502559099567385,0.1822754112920698
1013328,12.278651924657895,0.13410512617189208,0.08166080315016656
1005283,13.032741183027017,0.0969611097358262,0.08818293636043062
1000024,14.013352691608631,0.3592620619538964,0.08346640076260103
1012745,13.380735815979747,0.11352155632140434,0.02077013462405204
1010469,12.654711523873985,0.14228071942053297,0.09456486523337165
1006746,12.105781947955784,0.15262364923176402,0.0583306332602484
1003798,13.26050033761119,0.20051284024995303,0.08263530745498547
1003077,12.856593513584244,0.4509720619372577,0.10069834225984946
1007869,13.561864570591888,0.19165165184330682,0.15045486255635987
1013461,11.655087282539474,0.29625767618457244,0.09762395877615387
1009427,13.108583365010995,0.14167747935139183,0.05711453303141683
1013687,13.342831244864215,0.19606278930959595,0.0715598148175198
1009473,13.994676697185705,0.06966598042392136,0.04356551534162077
1007704,12.79387804587107,0.1464414135851587,0.09230751634341783
1011789,13.078285411360588,0.06377527483279131,0.06058770000245364
1005571,13.326377431989235,0.1598173617581245,0.15011305527058125
1000116,12.461469351434955,0.3422937760884082,0.1517261994796229
1000640,11.767858920159291,0.22409016117835767,0.11253079625674353
1008312,12.4626355397976,0.17836893555310235,0.041598903748995913
1011068,12.549949703383618,0.3084682547483817,0.10961775769433078
1014931,13.25119259919269,0.3607362836291438,0.1174926251621287
1014828,13.952661081994464,0.17343722113284477,0.0817845849647719
1005730,12.911173158750673,0.06133599487680649,0.058751661411628936
1009577,13.614870561244409,0.20936406633282367,0.10080848859970552
1003060,13.256599629046429,0.08426580835008403,0.018134122903513284
1008606,13.966560944390954,0.1778504422451522,0.05359848466625193
1005626,13.494084491536379,0.336480087286926,0.1270657054775227
1000693,13.906979514307373,0.24903124617910521,0.11421792240116514
1012261,12.761601291203883,0.133370212638605,0.06860938862052475
1007034,13.196596968259898,0.0749563718916108,0.0355772334402142
1002884,13.179841204236915,0.143570248469356,0.08592203347219415
1000765,13.05522165821971,0.24113940333646186,0.07587021829548724
1007603,13.4174640451034,0.23185393371266347,0.13371294524259666
1011049,13.228735091518892,0.04544252601133924,0.020986597440288645
1012744,12.1102428713353,0.2665958325289657,0.0724008561526019
1012412,13.779868365910039,0.30278799581277277,0.0747953847851209
1008582,13.367117298801865,0.21738220515149828,0.06804654607856657
1000624,12.88860535294792,0.1303869189821774,0.11550148066862166
1015186,12.718942772742297,0.2617945861215373,0.06407100767544129
1010896,12.67528324690934,0.24661862670713247,0.08899162433264601
1008997,13.16795496015815,0.16591915380438207,0.053629610736254205
1010415,13.413140810517204,0.13093138326338402,0.103427651496078
1015476,13.363794382666683,0.17782747646379762,0.06031050331181713
1013911,12.782318082177222,0.10822626429286641,0.024308467406851733
1009822,13.136600142057373,0.1277469223556074,0.06670587069827595
1012608,13.066182417751953,0.2308245705462958,0.10284943762088229
1003585,13.629269459853232,0.11452851712355726,0.08286491555736526
1015880,13.141842545797225,0.2204948165077099,0.09788695108766293
1014126,12.051257578444513,0.15545185700151845,0.11848416857816563
1001860,13.86823811575471,0.11095667660937839,0.06503155367076179
1006846,14.0564472493186,0.1428201874852473,0.057374144746037296
1014581,13.528055995558892,0.15595698145135686,0.04743958171319542
1002279,13.188888771311262,0.11861173991222525,0.05000642750889613
1013204,12.302042433783058,0.20461283555402127,0.16571027300570637
1016665,13.01668949054868,0.25960787694965953,0.11018018209372674
1000584,13.081252351199417,0.0962584892993256,0.02087216044329315
1005446,13.432915214572764,0.12740141240985442,0.10364024739541591
1001162,13.971703289269497,0.08964132031974927,0.03129630181744559
1007731,13.672336240074769,0.22335129207929016,0.1498173290875858
1006610,12.950773044711356,0.10810117205846048,0.07147664881934848
1001757,12.813195578262784,0.10788030451387569,0.04048866432689921
1004144,13.686238629394907,0.25643500808255365,0.11010961691967913
1003353,13.596691050792048,0.13605227820723204,0.08509707934000572
1003374,12.30110299978756,0.2588073532278467,0.10418995490495835
1003966,11.811599521811113,0.15048758789304345,0.05255081799242329
1003233,12.454390299267407,0.181794241575251,0.07627363015066627
1007686,13.650461306950593,0.13704422751928505,0.079707404647508
1014020,13.181214414257845,0.13310532100588313,0.03640471700006541
1011072,13.1515122146792,0.09996681331851982,0.03267583113894062
1012612,13.306502361445244,0.27012680442394316,0.07609169367932885
1015193,13.623910786569816,0.21564554711440348,0.08191990699801818
1014319,12.296083869835817,0.37253193839579274,0.17184916044776638
1002591,12.291020981594178,0.3796145827186688,0.26720823623686096
1006040,13.88336923459193,0.0719444998189342,0.06615157544201769
1006433,12.913167302231578,0.10798584296146772,0.058018898197776225
1006455,13.251707512948908,0.0824604254542522,0.04842748067710241
1016836,13.880764024891029,0.21950390759950436,0.12583839995075943
1011968,12.583811788580022,0.1015568117012228,0.032696907978166795
1009778,13.10635079382496,0.08625750480919178,0.05302603449967682
1008843,13.334117056865189,0.15726441731654792,0.08246831949265582
1009405,12.832776078312769,0.18319418790062225,0.10907206529274957
1004179,12.328191846570828,0.13875908215377167,0.08452849842017682
1005249,12.615046449912368,0.20907586305049206,0.05922225124082865
1003823,13.196892587539622,0.2078426234664331,0.08552390645088984
1013021,13.609213078399609,0.21385356051578383,0.06996921158271874
1001866,13.238271393463748,0.12521648734267768,0.08593135952415747
1015652,12.026823413495665,0.2736103182013494,0.17153725591890742
1016634,13.473403447988499,0.15150675019242563,0.08439843500301084
1005411,11.521867375888087,0.1849047312849763,0.09185187938554268
1015535,12.718590919794046,0.2270627528864244,0.13171346551501556
1007673,13.857561599953677,0.18985957561604416,0.08135402174004695
1007154,13.038495569191662,0.18232229978462183,0.0544792997179546
1011820,13.30913654364479,0.0944218509194194,0.03614434066419503
1011217,13.265770047896567,0.10734193385357131,0.06390489406609971
1007573,12.865470904640736,0.23357652716216232,0.11052696342717425
1013334,13.06467385168357,0.44473093876619874,0.18474732180441655
1010570,12.896931807385378,0.10352051054737336,0.062032294617780835
1008434,13.71859427104704,0.08481382741210222,0.044241861696818714
1000490,14.061056226974669,0.14933409246855733,0.06145153194283756
1007549,13.431892438202537,0.17124904252732548,0.07096610648570083
1010797,12.95024633885196,0.1023170310924718,0.06718856886660607
1012197,14.256349651188607,0.14782856370348657,0.08894881594681406
1013391,13.096920574580377,0.08233962906084936,0.09578933380833042
1009583,12.776265136233576,0.2376961643402283,0.1397483605435318
1006421,12.640236119931844,0.16408344585186738,0.09731554374220557
1007945,13.135926915260498,0.06551379019608812,0.04354493208413062
1000664,12.63250330414948,0.21909127472775372,0.12687330279839495
1013500,13.560303267618467,0.07330688466714387,0.0918110759254042
1012660,12.98390578869261,0.1312407336774939,0.06868806823046647
1001176,13.011926562654896,0.1523168779520261,0.08582371064294583
1008017,12.628428585484087,0.22221975568841348,0.1076004008827454
1016070,12.804195132746452,0.16439153934209388,0.061970672886302494
1003796,12.883640989701567,0.22134068249240177,0.1465730371237971
1011388,12.826332543845743,0.28555130227681336,0.07222346533228528
1006897,13.14515573071814,0.08065517159768516,0.0401703659062945
1014062,13.515240318103812,0.2536068669681622,0.14789459083584297
1005752,12.42861742525146,0.1240453710116435,0.07713389513302217
1009181,11.729418884310904,0.16629026459677254,0.0712437163061103
1001275,12.93195997441915,0.15862958069885313,0.05886118849618308
1011807,12.78518175517616,0.20971578586552295,0.0856908559648142
1003657,13.24503563865653,0.13010232902250146,0.059118292924564594
1000162,12.757719403761136,0.3082178677541547,0.10425054067192908
1002528,13.02580434789877,0.23929717218206414,0.1112885083595882
1005153,12.8686551786277,0.20691634699048772,0.10762877573007344
1012163,13.062162068173564,0.14603515822422183,0.07179559614653762
1002542,13.619799265699564,0.05964167348765156,0.03286549330943566
1001484,12.995962294835087,0.0690514416336106,0.022462213196975445
1013946,13.081585715263934,0.27162251238534213,0.11143698556012367
1012712,12.433026376471544,0.20069581153147664,0.08604498135255581
1009462,12.647996215780784,0.18272302069072227,0.1280747866930869
1000463,12.684149004436996,0.23875401638834223,0.06377327009439454
1012625,11.614700531663072,0.22406042643854285,0.06979586926668493
1011562,12.537968238271047,0.22229142215072079,0.11515636080473601
1010569,13.635161378479077,0.26983868268921757,0.08426599669223547
1009325,12.677497056430846,0.20946400487801725,0.13181639706371914
1012711,13.280427597532972,0.13386879395537718,0.025696430304609216
1011319,13.280914638880567,0.09937978287208304,0.021071392037867488
1016200,13.043382800439943,0.08251847855645013,0.06319410436640062
1009779,13.06531663766598,0.11804795360119934,0.08164741947714223
1015936,12.94785098390155,0.17981472634117426,0.07032085791523125
1003021,13.86053846184605,0.10275122734014087,0.047281710964749875
1009300,12.64904508252308,0.19403049458085142,0.07174314491510188
1011925,13.122975699847508,0.05948309418428833,0.04118730763141455
1007331,12.17018668911073,0.21628962011950892,0.062140217967747685
1001097,13.416846749782122,0.14191696806418375,0.06903901008420954
1001396,12.005835817005078,0.17788369383765637,0.06278832131572047
1001220,12.625158123230074,0.26256180492496395,0.1203964923016696
1002390,13.662521416640901,0.31386162835392106,0.10043151510556261
1007227,11.953636313037597,0.5715594376763905,0.34436405930753033
1010444,13.374334295701582,0.1776973018917761,0.065540993139935
1008537,13.129610324384094,0.24366109574844155,0.1287935496461853
1006845,12.323036567420807,0.3185363289913458,0.25570185795206224
1004042,12.901111145622316,0.23721607159248947,0.09080573604103674
1011107,13.64099427018684,0.2872784173324302,0.17144985591030923
1011479,12.603001934722174,0.12989497630681898,0.06946374921004989
1007985,12.749750605372425,0.27849182816045137,0.10146848126635787
1002449,12.957441777721643,0.09111723390197346,0.0747029439056575
1007833,13.117507170055388,0.14443983887335232,0.03551537316293194
1000454,13.041883466907832,0.19392955619636393,0.07261246227471728
1016436,13.057607234914718,0.3022877270704736,0.16344590479124785
1011345,12.720221572843906,0.1738368459353678,0.07069084201011458
1012387,13.166089860368636,0.11096765574111538,0.04886650133796903
1004470,13.124734215427202,0.176078002188,0.06751862345175262
1002145,13.192366487052723,0.1342142617971167,0.04343944747462428
1003650,13.224343412512487,0.17569643905960486,0.1210522272416396
1009442,13.862503830829754,0.08596411048855052,0.04606330890719886
1014299,12.408164198352521,0.23312820989254543,0.0972612080973258
1017525,13.60488601934265,0.22802438657245114,0.12637736802225227
1006804,12.690038205214591,0.26850773039872766,0.0530032170715659
1012430,13.023968023634291,0.22748386057059966,0.05590037766133142
1010281,13.26443310961725,0.3094478486138524,0.3651286103994132
1005480,12.410219218911035,0.36461505600181354,0.16277594445679064
1000112,13.032337680448903,0.197835535232784,0.09948200803464208
1007163,13.142435912781444,0.14974662294619073,0.14924356632184863
1009446,14.25282015554917,0.1166920271043242,0.06641434638538649
1002455,12.61870325627491,0.15897570257059576,0.1016791738676778
1007795,14.0433706108481,0.18055430428628672,0.053254740787449094
1011215,14.000191759829942,0.21717441757335004,0.12376611313722917
1008934,12.967415274806097,0.15473501725666092,0.04992572869426786
1010067,12.52149915408073,0.25536150494259785,0.13069926398157072
1007767,12.19526568232655,0.10044560024232403,0.04891736717147917
1013130,12.647371934515684,0.08399119032644495,0.11098242450005737
1004870,12.7795925042031,0.179648012962448,0.0777337970021698
1015428,13.085341568055092,0.10339726909318489,0.02553253570863253
1002923,13.054479750347781,0.1267867742730687,0.07247200990523361
1017415,11.94674974903792,0.25103329277177533,0.17152468114541522
1013313,12.854600458790399,0.10857156104017839,0.06907126866655723
1015889,13.81010385143265,0.1799674521912823,0.08770812594170148
1010612,13.452658058486145,0.19730991877930346,0.09218562170113058
1006244,13.441834186993589,0.34869875488124286,0.09662757189273302
1007503,13.05652081731568,0.1003130399546519,0.055907679587532795
1011382,12.6742076361329,0.12459394924781131,0.09651390778477621
1015134,13.378722097889588,0.21160309220150933,0.09360680219186464
1016884,13.422836311015308,0.03896898949906868,0.015582280166436117
1016417,12.897375461608062,0.13572020523232026,0.07189622433046121
1014175,13.291313932957884,0.38256419076621495,0.08737646532894014
1011301,12.786560337369904,0.11063026626413151,0.04129742076933236
1001174,13.01927202526017,0.20654145339464386,0.1563309266845378
1005614,12.239962185759188,0.15433018226575373,0.07407725595413214
1008478,12.13612094731626,0.07949829011087475,0.07188993717732423
1014473,13.09419509152007,0.12131644827326289,0.05348334842141468
1009265,12.890514785617308,0.1391046428497784,0.11101001816510703
1013703,13.315009365320572,0.28473217936440787,0.121936134032956
1007827,13.351035568382803,0.10914000121519894,0.04661009865933956
1005262,12.495966339072263,0.357011790185275,0.17365670019995683
1002888,13.15170665127145,0.14893146219580647,0.06587208432140503
1012750,13.378832237858456,0.5908921713797526,0.12852892974713373
1010611,13.353156377484543,0.2418564976677925,0.07485081482271144
1011677,13.150680011135165,0.07062784658840884,0.05998990778556303
1002273,13.064439720356036,0.11831679576962625,0.06985466906999882
1003839,13.117158367258993,0.09384785279330492,0.06418992590940716
1000523,13.180406368514944,0.2595640693027053,0.09023161640122376
1002508,12.004032198112716,0.19485885380350962,0.1834870539960077
1005397,13.374523980215791,0.378971813306176,0.17754104254363062
1014301,13.03907049354097,0.05890102750423048,0.039453330910943614
1002633,11.497177700420542,0.2610223554359566,0.11623747198459342
1014484,13.348757574615128,0.10442369774217575,0.04589886357875057
1010716,13.02025652401324,0.092397982486362,0.10203515155455305
1008219,13.968368244515226,0.27089207475903154,0.1136320434468875
1002476,12.59148028191346,0.23141235413803452,0.08143459743522836
1011093,13.269234756465563,0.06805480513983603,0.04511570707016309
1002831,12.040828739296565,0.18255021863923265,0.09057760478100807
1008661,13.791972409186942,0.14800711697972022,0.08520112044850227
1004293,12.329599132118023,0.1254750233517376,0.06067077582960831
1009090,13.155215687379568,0.27782518098912823,0.09696646833021293
1016180,13.427259483642514,0.4714037934264462,0.28982744527147525
1011218,13.103272227515763,0.038800770590357345,0.021764919994002804
1012061,13.75784146025932,0.2549844334165583,0.09806456060443187
1006800,12.664399756872173,0.22723271252523264,0.09399433095283091
1001687,11.68407943829121,0.20784996355383567,0.05530698170777785
1007972,12.123256480801436,0.18889780105751253,0.101091405400715
1000632,13.064135890273265,0.23125987532643671,0.08999788110184134
1004793,13.669542743329016,0.12750377632272097,0.0660363484209
1003655,13.308488959890504,0.2631827875811178,0.1064484061767682
1004367,12.952027576387733,0.06608792574320739,0.0354467133916251
1014477,13.128697829352994,0.28444316646601814,0.11931448439000034
1015414,13.66409204474097,0.3345549018869548,0.15905626690064
1010210,13.168949920470025,0.261663132320317,0.07358699813714774
1007248,12.436634911581987,0.15739403551861592,0.10544914674765021
1012576,13.1673092544505,0.5693345808988199,0.23826120676514118
1011193,12.5493108921356,0.25904115947331774,0.101751227066065
1006959,12.518421475904729,0.1647229514752605,0.03897795121992361
1000363,12.548990020971605,0.10916414785583643,0.038296621428222016
1015321,13.020033215318188,0.3118393945952522,0.14134506366519273
1000979,12.150910564330365,0.09963902758591857,0.026949003834243025
1011372,11.808933324357065,0.34085046213200465,0.1343745771503658
1014121,11.71880572331987,0.14657871564835734,0.05347307775916339
1006099,13.707984322438195,0.2840841604680711,0.07195774023440524
1001728,13.090940138282116,0.2954528579861821,0.16881586199364887
1003307,13.476165987037227,0.11661261078304491,0.06927358090583
1006336,13.04365624059242,0.4116940269955571,0.1408635749120694
1005791,12.647569899418832,0.19068435698988068,0.09758835762353453
1011097,12.36547354969052,0.27024933023085856,0.1393117550755465
1016278,13.811740615727514,0.09096113028375753,0.043062324338952136
1004000,13.378116492408306,0.18892159877788461,0.1186411127224715
1012796,12.681363761020208,0.13582322852634104,0.08938816645821275
1015406,12.602587689801025,0.0703197564694718,0.04651471191410778
1016406,13.619437418513423,0.07750775389294001,0.04835587602056156
1013591,12.796802341594049,0.17514505668990682,0.06501127281643326
1008321,13.72132235539155,0.3256163687215496,0.12638487680601798
1012804,12.786871231656642,0.2084388711275918,0.06718625516487184
1001496,12.405485579763932,0.4056986629068616,0.1562578671303708
1008498,13.095739064300778,0.1686713684849378,0.048216286985158535
1009915,12.93698211922795,0.2167072920851354,0.09480409618289723
1009890,12.608271649002086,0.3225321915256486,0.13488551501551865
1016922,13.776643143689103,0.20352582246477763,0.12837325998249388
1002013,12.65699316921553,0.14439600868094077,0.08543318804083748
1012579,12.375571330524622,0.1590362493229209,0.07328198871499489
1005709,12.752061795239237,0.2276684912196948,0.16995610566938743
1007029,12.617976754384552,0.1913247975981531,0.10994907732094492
1016513,13.40565997880912,0.23692188271192546,0.185009893489671
1017275,12.387582658632963,0.33357542891085123,0.18586384775370904
1004495,13.17086423897169,0.3161755147096826,0.09435290261069874
1004276,14.056033923707519,0.12114750734180423,0.07575030815455608
1003559,12.083754775717901,0.2925294417249202,0.12229815025929998
1006430,13.285148360789117,0.1175573551265104,0.0387076595000852
1007134,13.369645807655521,0.07969244960109113,0.07058257723582943
1015405,12.69288632044254,0.20450320580515363,0.0965591706802653
1007303,13.501048483262275,0.4378747033225691,0.16588491790114968
1009654,11.657841105007304,0.16768122767885543,0.07501471620370351
1001195,13.480455346821053,0.24849529823055033,0.08206023235998208
1014752,12.715821294195258,0.21458000431506996,0.1023690466957133
1006678,13.867380567574864,0.1810824362640585,0.05625732438647471
1016703,13.525285910497194,0.14694785279227618,0.09139125572178987
1010579,12.570078305868762,0.19241921344034404,0.12724780026809565
1008089,13.724273703464329,0.09732017764329673,0.05801308599622675
1009346,13.231380135556861,0.16792644464871492,0.07644177640960692
1009708,14.057993715254183,0.18662719334264194,0.09948272191144984
1015734,12.231110856605298,0.18072941292449018,0.1362500858396617
1005198,12.482648583936262,0.15478276678900993,0.07185283241270249
1009971,13.70881012377677,0.1645920224376047,0.08070439438841727
1017268,12.5795854674173,0.07687110075241164,0.06068408978026463
1001657,13.128478450899637,0.09029266837456226,0.03072276678477054
1016740,12.891652473814169,0.1842236752648633,0.10495697008081963
1004353,11.879737549250232,0.18094781549278832,0.05511564642257912
1016794,12.747698340747155,0.22446211381555667,0.12904446935430114
1003538,13.326718673467688,0.13721696995149374,0.05866369104915078
1009337,12.610459868464565,0.09960086861453091,0.02721114852856382
1006216,13.585893842593187,0.19813289190591576,0.10872876948028727
1002514,13.131487992581604,0.14084029201892367,0.07125837429151555
1010787,13.32494524161545,0.09019441866663017,0.05130809738086596
1015369,12.60354419515531,0.2929485699587862,0.09224374643629223
1015875,12.871791410448445,0.1637146562984864,0.0840468548645963
1009124,12.083103881445519,0.11410148157269037,0.06315640574274323
1003373,13.11952656246946,0.1782352354106037,0.13714982455020489
1016074,13.06439989249215,0.3030442601003674,0.11984178108870873
1014510,12.80733911795382,0.25142784502462867,0.12272655621456406
1005355,12.75616732883686,0.1813573435262351,0.05303515262406521
1017526,12.8079742586252,0.17237719641846078,0.06433540689039832
1011178,13.574550018373747,0.10927608909926162,0.03951520011274545
1003183,13.429262794268817,0.03821615347784426,0.050509603399090774
1000788,13.143498223154333,0.15253138574896266,0.08997220715285871
1006686,12.40009988232773,0.2574502977361131,0.13672482468946598
1006704,12.739383072193242,0.23990628398500044,0.05992762254868213
1002197,13.09228843274381,0.1393034422210755,0.13195117618911936
1008386,13.15351180338021,0.133604375560929,0.0927870304198977
1011846,12.89356356335322,0.20852204622954157,0.08800537878081416
1013952,13.732016361186652,0.2193025469790305,0.07470279532892327
1012445,12.082521121336406,0.16682049679497865,0.07700205972005449
1000035,13.219621941863988,0.16201589993535492,0.03956045511003493
1009746,12.550154639244843,0.3077485062765597,0.08717456482544125
1003318,12.840499145397454,0.1367035051473722,0.03890805167943202
1011482,13.492654636958118,0.11734601414127606,0.025073750022695945
1011654,12.468751986139859,0.19054634243193477,0.054419092596324575
1010785,13.475860500518374,0.07943293082575363,0.02486819014817154
1010879,12.404649053013644,0.1667401506468904,0.1381120246519319
1016122,13.444548400458073,0.3163690784518042,0.162052843225988
1014905,13.635370983535237,0.17513105825535816,0.04387320479613541
1007670,12.026471160898522,0.4196864468247232,0.14386138161336093
1007094,12.43394831109322,0.30539232374627395,0.06864458839418251
1011269,13.067089170578912,0.11304523564964161,0.12990120881217768
1008000,13.181712821050455,0.200067520027732,0.04327521746203535
1004781,12.116830945416488,0.2769866606178431,0.1166616380314924
1004989,12.09645566406922,0.3533583766013395,0.10979506675977674
1009172,12.611927250164413,0.1964205386284302,0.1274320396748943
1013624,13.476048413247398,0.47459372397397304,0.09734211376021543
1014179,12.867296755434523,0.21578864727907776,0.08091191873291646
1013925,13.322108771741673,0.0616105019460577,0.02867092180190073
1006348,13.028407607061522,0.19844202029343844,0.13910607450648083
1010448,11.95673186617038,0.33493617840768924,0.22318672204896817
1008027,12.721203266380835,0.17763775625846928,0.10456116529045653
1016021,12.652297027736266,0.1418205973339695,0.06472401448320471
1007337,13.61608251581376,0.09513512904488598,0.029810860625611026
1014018,12.743747390016098,0.23877126358720052,0.05134667547469743
1007243,13.46253617967489,0.21679887892664312,0.049769424959630854
1003702,12.97579012773914,0.20174831896708278,0.056716232570075756
1016846,13.275947873028038,0.10090488159656337,0.06568225958383517
1003166,13.850656148917388,0.3105761321829654,0.06153432244038102
1011477,12.558077179999897,0.1429556952742875,0.08729791950554518
1008617,12.643266968838367,0.325735144792429,0.1168268752261333
1001551,12.724711205655934,0.1842922107996567,0.09366297615047106
1010234,12.901683806612269,0.1463996668158806,0.10848667916963435
1004336,12.685208643999045,0.06001220862054169,0.04394764954186601
1016254,13.352022076757928,0.21306597256391943,0.10093764836598229
1011548,13.271253816235433,0.22979685934234179,0.09101556435847731
1005340,11.55133736938325,0.1347566475665449,0.051244189538874656
1005471,13.698793568809817,0.44526130152310783,0.0990500600662852
1010859,13.124135028608361,0.3510351674991177,0.1158895990758706
1017317,12.790096843231389,0.11564160045980186,0.06772847356480133
1016252,13.0925752857749,0.0816672693362771,0.05881257048712103
1000080,11.743926155690678,0.3000275297684038,0.17315584982770904
1005343,12.123329512724117,0.2063271267490361,0.06976915522355401
1008583,12.725228678693046,0.29312640168420206,0.08561575264292415
1006499,13.130427548060004,0.07546923300401011,0.05984587450887847
1012357,12.93343554348746,0.17588262509981614,0.15017244928210147
1014315,13.479226220633663,0.4170507076394052,0.11198969112963952
1001729,12.862022817879167,0.24576383983298405,0.08204349069704799
1006014,12.673721335323986,0.2620663092473305,0.07125191735147911
1001942,12.377159918643192,0.20443384227643172,0.08528003985667068
1006696,13.920637768020896,0.26610243274700596,0.07195767820465589
1012294,13.943723715259988,0.19898075075602664,0.10150798872347641
1014382,12.653726189145234,0.29963753120077696,0.14734035891317757
1008662,13.227484915415317,0.22958392759805124,0.053472894029263425
1017280,12.851626514579669,0.21871410364386612,0.0766704003806318
1003174,14.036008917904063,0.1272123542065294,0.04737312355987704
1003158,13.55966044546493,0.2182440700193053,0.07437755530187964
1012970,13.71752771023545,0.3207327438385342,0.10266113834268685
1003689,12.915975119044091,0.29808560447598287,0.12962381267200412
1011716,12.957905859579151,0.23370428128378945,0.0813391111181967
1005764,13.080670516674305,0.2314859633199244,0.15905444780745887
1014055,13.559475237375363,0.2749467211655733,0.07932345294575824
1003430,12.877893553517561,0.1508994688204626,0.05000067136841222
1006057,13.33558958210685,0.06676315858339993,0.03431507552559334
1000834,13.64209145070782,0.20058920624814922,0.06523665897864118
1008366,13.862575165054933,0.34467041005639437,0.11205202974618077
1016817,14.167109739742758,0.2333650116003604,0.10031995470170622
1004525,12.38770372609533,0.16042832380726602,0.048724128668704556
1005300,13.957540813710857,0.11697061016963366,0.05296474439811693
1010279,12.856916562531572,0.21208943979523584,0.12191973176030699
1001050,13.332978936436342,0.1277513849051966,0.04284239413839068
1014617,12.182302375268286,0.17699574896215256,0.06682325009057499
1015084,13.7680836086894,0.16547841432317828,0.06636142493042223
1014388,12.890019513431215,0.18512248654971003,0.10568125882380755
1008294,13.027868112196035,0.23226988726276948,0.06968807256918484
1009996,12.710685410267285,0.1390415151929799,0.09274165601278196
1005046,13.238533904271044,0.23785056328583243,0.08839517891150195
1009316,13.722206210233049,0.10959570231607799,0.07998053122711492
1004311,12.108612477256111,0.2337211796085797,0.16370960357549236
1017498,12.79398797149121,0.20092529424507527,0.08255950803446803
1007309,11.771529228842747,0.18024319717870793,0.05322348014653282
1009614,12.961919636342282,0.08027437571842512,0.01045854176579192
1006193,12.707759784008346,0.1940535154187866,0.07059130439711654
1002397,13.0610884567885,0.15312012890934626,0.08580092750248798
1008563,13.078435671225035,0.1452889697693329,0.07679856844803912
1009460,13.132013823285908,0.11236011160288023,0.0679219036885453
1017071,13.560461529193361,0.27367855585788475,0.06958780940443537
1001623,12.9558598787838,0.1507943160913879,0.06550640549467186
1004837,13.417444840491015,0.08632159624269228,0.06430662729711455
1002775,12.89993746508527,0.30619379550891546,0.11762426399908173
1003031,13.162200660527972,0.11559221867278499,0.0613983918502308
1014744,13.772870840813873,0.3904907362675894,0.1264273999016427
1017559,12.233556941754182,0.14179196169097882,0.10281763984625895
1005302,12.515246724420976,0.13385507156913304,0.07673434030173498
1011275,12.819772003173485,0.14025125805577965,0.042472362270134754
1000314,11.914803717061394,0.27934193042136235,0.20581992531224655
1006143,13.213718054859728,0.1394325180448288,0.12623706951659747
1009190,13.0902369096382,0.07736365396735484,0.0582706598988697
1014576,12.481048112428994,0.2707279980565707,0.1986652714813196
1011353,14.065892133585406,0.37344899959021827,0.10198902853170279
1007787,13.605503018024626,0.2741074348646403,0.18447953421345556
1008867,13.778471582813228,0.17602832902399476,0.07172898659427908
1006188,12.894690439764299,0.26764655651746583,0.0642499151866767
1000277,11.8681859255588,0.3076427102731745,0.12097831549756757
1002389,12.246129824128106,0.10340210962012335,0.05898117136201507
1012655,13.996920122505855,0.14181731189670707,0.05320115965204861
1001741,12.983166559743145,0.1379258128291736,0.0457843299375504
1004585,13.945553273363668,0.08521987888621103,0.031659916255496
1014506,13.839925342590195,0.2227725600076041,0.05944168952443829
1004213,12.188648442963588,0.33276128570888536,0.09251114488124441
1015390,13.416573856488233,0.24478621101203846,0.06535406526599745
1017518,13.675347967218075,0.32864491333728335,0.13445253156726347
1010739,11.342025814220731,0.21519335215634727,0.08122270165974195
1017247,12.794625914757445,0.2799882597930397,0.15418533684390306
1015845,12.907900549890323,0.17454974352683741,0.05062243200830808
1016904,13.023076751814726,0.09058359668916476,0.05807850767273112
1011341,12.371391380272993,0.07252923823217762,0.05362789015591871
1004806,13.169464115676947,0.2399589856756486,0.17225123855649813
1002182,13.316522606150889,0.24950012397830038,0.0767918815392437
1008186,11.898654725239432,0.15317633156146487,0.09823077817829173
1010629,12.791740377105059,0.17334587990284625,0.03165355204052849
1011246,12.96523037325899,0.17538392912512676,0.05765499444745834
1013513,12.877143223579134,0.19889329005040784,0.05581403318861503
1007489,12.525308880509423,0.2741668744230539,0.10843893944762242
1007681,13.896101641631653,0.20278788228989958,0.12263569664292559
1009045,11.409421057543915,0.32932313214288833,0.19103772032233518
1001753,12.933908662481027,0.14250582728368275,0.10895798673544671
1015101,12.5373988382995,0.16455624856664117,0.11742184242289663
1015451,12.915504348438771,0.30473923419731236,0.11912863495004185
1001514,13.573010262582763,0.227399541911024,0.08102700934879341
1001023,12.183722515339229,0.09283317661167796,0.06041997601769271
1001871,13.191545693311346,0.12565466136462874,0.04404961216241234
1016937,13.230763285614707,0.04656731229055692,0.02721707359396142
1001342,11.938336192822103,0.24236592742580387,0.14798798151209114
1012550,13.605111766621867,0.07815593104832577,0.07094703447277168
1011688,13.420467019306658,0.16514170657588612,0.08135959527878317
1009562,13.503269660276766,0.17695616650548762,0.08590659470720895
1016969,12.824799592956282,0.1326924966425106,0.06565601903280854
1000316,12.694681022689057,0.2571374321436346,0.09512874539488234
1003904,13.678791307202479,0.17797828571708993,0.08949749522516964
1008199,13.550878061048708,0.20636143260743978,0.10884853488808123
1015922,12.771342810715707,0.12168820692530426,0.05149773235376373
1009530,12.469297030741528,0.2136888347174076,0.15818121122872225
1003074,11.825059339554238,0.30080608557693556,0.08278356641220781
1004847,13.39801009136373,0.1591301087960102,0.07845805450151506
1010905,12.124401833885342,0.21870255712355927,0.13477344011841297
1010350,13.441677682628258,0.09062927353099884,0.07238941500705892
1006742,13.214307061970828,0.06612632450554451,0.03144272941297072
1011487,13.046076785682374,0.13284251981335773,0.07074797989415874
1002811,13.002421681812265,0.12488169959254034,0.06780490360612751
1001965,13.400994820119273,0.18258721713392104,0.11630750815521734
1009589,13.18997551097325,0.12252773806466895,0.06413740491610696
1007816,12.057798591577821,0.2599756443350913,0.13995415630362182
1000130,13.341128833529943,0.3586196199793376,0.14666939322924824
1014423,13.362216054273683,0.28911084706456175,0.13572528175551932
1011290,13.373178246230943,0.18743398269374717,0.06654005174637245
1006226,12.294751799777563,0.336082722842625,0.15449916008977088
1007466,11.801490829535378,0.10074540869876303,0.049616241478925086
1015528,13.016399906296295,0.17505550929432648,0.07682491390474629
1007694,12.797301597389465,0.08428821450566198,0.04780703480534795
1012533,12.797561090884832,0.1722005033666857,0.11782751813175438
1013740,13.638261283643727,0.2055414675091878,0.09935286649764984
1008584,13.284097999848385,0.2172573505169578,0.049373376681153824
1014501,13.57896212176206,0.17285002403090813,0.07077743891358163
1015848,13.507315865732725,0.1746368131996691,0.0518583858990542
1007565,12.656530648232886,0.09127710100412771,0.03877406510803571
1009590,12.825349500443789,0.0694327136448113,0.04063214949469901
1007233,13.247434724406006,0.06663536036971172,0.03765050914444772
1004352,12.80975279646029,0.10950920586166876,0.08380344545837698
1004247,13.653164289899728,0.08472715371191025,0.03730549575818203
1004707,13.538075187646903,0.28837829330175296,0.07296713841661862
1005129,13.359134626450013,0.12107370637154392,0.011884929639222159
1009091,12.861770092031412,0.1382786870287928,0.06459076710820151
1004791,13.669116345736036,0.11046963549681522,0.03800183703640928
1001294,13.224809112079512,0.2378115142750167,0.07447547466178189
1009942,13.51298297959025,0.29129056379448726,0.08749327528616713
1002915,13.903409756304015,0.2073996864797451,0.06877577560489435
1006777,13.365215203343961,0.15764951439073882,0.07964719985503525
1011610,12.724132998659973,0.304473616158991,0.09365312320258538
1013486,12.445178381226732,0.30312841167069077,0.07723012304476051
1016263,13.451048430161181,0.12908909560747084,0.08057243762786122
1005787,12.977849426038725,0.1311528013942822,0.0684254388173139
1000572,12.536531171607214,0.3194900109693085,0.16224518742475283
1007146,13.109910108863895,0.2202261028407422,0.08014419409858763
1005577,12.91187507180434,0.2286237387362897,0.17682317029863498
1001755,12.851553888547121,0.22353434119589752,0.09784897277385667
1013538,13.243403398184332,0.28372122412402406,0.11156058396415523
1007902,12.880746224836953,0.0557329587410448,0.03588063048814631
1005763,13.054576130548417,0.1878406816068321,0.13270088320227905
1003785,12.918453125764135,0.24014283712430204,0.09930534028396842
1005911,13.256575782064148,0.1300169156057891,0.0998434082283523
1005422,13.447886644079006,0.17700519177428486,0.043431348979270305
1009389,13.368198968385054,0.15633710845762416,0.08968033067224276
1002641,13.956500642016499,0.18789631539833174,0.10528768398270837
1004892,13.037944679802663,0.07698201371257934,0.07191602836285374
1003062,13.634155241042963,0.1129735856410536,0.05811338666464057
1001581,12.675278283140818,0.22814314944833777,0.10386104559423325
1003874,11.572255750887765,0.3156120727570552,0.10662977374339845
1010263,13.664993641250852,0.07753900774199275,0.03117233403236425
1012791,13.19371095760358,0.10320930705566506,0.04257557208049963
1002079,13.097290879219347,0.17833107151352573,0.09277320613548298
1005469,13.448339203264581,0.070106679572682,0.05612396466999241
1009394,13.02477121013069,0.09747544082417539,0.045454835852329005
1001292,12.893372316254295,0.07549500504773098,0.046090178060874544
1010780,13.379896501623927,0.17497380788075892,0.0780111048762413
1008550,13.000129851601983,0.33730622227323054,0.20626957099613
1016361,12.187632156932475,0.1470804789346352,0.06775643120692947
1017187,11.869012172953243,0.2591051828388085,0.08485259604213893
1002234,13.155746147974572,0.2783656832528962,0.12107474672411916
1010965,13.877714719200696,0.14552481272047557,0.08316097416910359
1012900,13.511841405695716,0.12706211443509557,0.08015474495423959
1002342,12.412533558715657,0.2541453510506655,0.14697328385456448
1002335,13.07495604084702,0.10354379331281349,0.03783556143053044
1002411,13.00206987380633,0.13150892636129446,0.0606308647243583
1001399,13.775229253736319,0.3978601000754083,0.09898515693647081
1013788,13.610213003889244,0.1344030801790552,0.06937745870417485
1017183,13.032724942159566,0.13997050956601348,0.08227934475367478
1012468,13.58554989311129,0.1480842793050355,0.09520531497857992
1004683,12.917562029887472,0.19254605089415738,0.09683869653305352
1006245,12.74750402616663,0.14021606876389495,0.0655108624401689
1004755,13.675856395844892,0.09898132930563677,0.055967975166394984
1007443,13.52964896920296,0.12636037124720284,0.11960251355614475
1001063,13.294417068835168,0.26699397734127667,0.11666452641978885
1002720,13.670493179155743,0.34777098816925783,0.08462058280363949
1003022,13.550441617420658,0.24117908849810663,0.0774236614448725
1002025,14.14360473623068,0.077603106769272,0.06248614171790577
1007710,13.881387382325507,0.15750673073874907,0.11648478237523513
1001745,11.496951955117929,0.34901795687539916,0.1369949561730447
1009213,11.9977727402165,0.36644295840405555,0.1473267144830031
1008424,12.753332914737186,0.3825974003353808,0.24777828514301153
1001369,13.106237967447285,0.11792243570598976,0.04888659964558385
1010736,12.643839940738598,0.4046761474157796,0.15123280672419767
1015758,12.769032884695314,0.2750603112338903,0.1750861556470628
1016440,11.493710748579629,0.22223895769716998,0.08334053385868714
1009945,12.915630219797782,0.0954100193929077,0.05235104225407435
1014203,12.045132557561091,0.2135136943665011,0.10549558624800753
1013145,13.08423650949962,0.19706209782721332,0.11567956248719306
1003365,13.090414146532295,0.10520635619818791,0.06972646106820907
1010783,13.546838136907885,0.16334264722118863,0.08439528542039317
1008396,12.963078096179942,0.09654163368075734,0.039673737203337785
1002772,13.464806881935788,0.19784497793681263,0.10401689993911319
1009553,11.839886513578302,0.22468900682664408,0.10665973919165318
1013894,12.837000509650153,0.180028914974653,0.07173867280152096
1008792,13.503911521873587,0.1588185853137357,0.0754198724669842
1003639,13.395433785836381,0.08921004581110388,0.07317632804711015
1015633,13.122675572388921,0.1713981487401216,0.10438393355117365
1003399,12.76721818688261,0.1636666259491535,0.04687462048328203
1000677,12.057689633120011,0.24718694194814633,0.14186197845726917
1001015,13.042524706794836,0.12684352826196085,0.05219242966004098
1004346,14.124140947756324,0.2419183002949216,0.11044410549557948
1014275,13.389604892638367,0.18392823484998488,0.07549468369363117
1008976,12.217033814342948,0.3099921895865784,0.1868758933983791
1016191,13.559072216107682,0.0757484541269497,0.046465809062838676
1002946,13.928997473688858,0.15976338934667544,0.07522380101988244
1014900,11.986984815868107,0.17153074481383157,0.08740943564475227
1011929,13.462403662798618,0.34158526510732035,0.1150436789630728
1013917,12.782266204391895,0.15640327608266028,0.17331328397458845
1011959,12.845134916194082,0.1187213706242468,0.06910426205486034
1016127,12.876984043397325,0.12524965411463895,0.03671023450817719
1000701,13.700041591983785,0.1701367598910197,0.13892099303572097
1007989,12.85732134187704,0.11006925447573322,0.06772510397735042
1008523,13.23523539799421,0.28725807432318967,0.08586113175420522
1004663,13.797287613557517,0.47145020093958256,0.1423733573199336
1000041,13.497089395730674,0.25157626567213887,0.1675962580871955
1004631,13.39368569631901,0.12825733243865495,0.09832743862439598
1002117,13.53017565547096,0.45427183187919445,0.08592270841612511
1009275,13.178552136644246,0.4652406651857302,0.0791771421181212
1008565,12.816400714093268,0.34705861250713743,0.22248535498691158
1007360,13.001190722578459,0.15019839479063637,0.12388834262325527
1009666,13.208767996423438,0.1698482741435731,0.07861903488740497
1001731,11.979094781744408,0.3126337536060424,0.138737217968964
1009142,12.04278050942163,0.2525733775471615,0.09604031360607629
1003723,13.005219900900613,0.07613252216039129,0.06949643686397686
1012939,13.772743278100796,0.20012385845423442,0.08379950501594804
1002242,13.01409077832694,0.40592136998601636,0.27134369821693943
1015779,12.950687677352294,0.21209617423932361,0.13455335009957398
1009510,13.784437367687739,0.29361690543765834,0.12454895104682341
1017061,13.829253147958946,0.12397955585061952,0.03769545150183381
1002752,13.40268385061316,0.2748514494296467,0.1166455932620208
1016965,12.706597161737337,0.24048113350345882,0.12812279861515294
1016028,12.685008603906667,0.2471957010519591,0.09324027987872466
1005721,14.05541198563346,0.16969925388816318,0.09463077457945293
1010224,13.87352634467225,0.18067115854048602,0.0681809038095217
1002706,12.743024983108855,0.2910591521376348,0.10616199299222932
1002254,12.28512939961009,0.32480082670618926,0.14745315237241172
1005935,12.767249918388709,0.08602349751061594,0.03502198095358765
1013672,12.55182248606979,0.2245519912440332,0.125836392820348
1013831,13.75117057426839,0.23933078696579163,0.08708023441364074
1015466,12.941805076450601,0.16570390817278655,0.07952541160931738
1017411,13.367965272427721,0.04344027922034353,0.03292239122691858
1015411,12.5498171932488,0.09422932003454532,0.031090044271937622
1001073,12.963694488473017,0.29998993089178827,0.19142273193355025
1009595,13.33488916552276,0.11083877563949474,0.03763097700429921
1007952,13.509768183045113,0.091234903419552,0.09079467884388176
1008694,13.572329417027172,0.08004809420668547,0.05894561893000885
1007483,12.686359148081548,0.14796480716301,0.1887837693624076
1005697,13.174075091453313,0.05452539657402623,0.025521092469179423
1008020,13.139077096705996,0.07752537403660496,0.045684437361101754
1000580,13.78540463213316,0.21296846379910875,0.07062651795940912
1017150,13.10666152844244,0.29993759861822444,0.12373045990092967
1011408,12.651150408619651,0.1719422202611794,0.05359783608803725
1014029,12.641245139931408,0.1752061369956104,0.06277103866105156
1001510,14.050860674786318,0.18422542804336037,0.0709450036463275
1003033,12.48235399689882,0.21973316775754298,0.08725322399446292
1017115,11.93413928302102,0.3843428274202812,0.22419629540554128
1010835,12.122965603631485,0.16368375189857667,0.08513341183955116
1013994,13.429299008479056,0.2738617613170317,0.17732955807269493
1010130,12.777928717034692,0.2091588835269802,0.090767208755842
1012176,12.226200373164467,0.15372149636437882,0.12531924950619777
1016998,13.368746600003266,0.2615995033102947,0.08290024435508699
1007110,11.845425391187478,0.14435448493400288,0.10789538068016816
1013789,13.920932114698845,0.20781156407989845,0.0620597218915092
1010148,13.70602650383097,0.11054246616439144,0.05845683761649388
1015377,13.171268302232512,0.18766695556365043,0.07155715003366159
1015048,12.074920761380852,0.11249191320862169,0.04092340394779076
1017050,13.525346448585346,0.19664189047379532,0.06625798720026968
1009830,12.425415271628403,0.3549792737532125,0.09869448854328308
1001907,12.757945189391508,0.2162388573368437,0.11845307954050838
1015661,13.036293458431475,0.23555154698557096,0.09237687130959721
1003239,12.745116001035273,0.42338407535778444,0.13372452063985552
1009734,12.397182767326285,0.5303288078269442,0.15006450824793788
1003851,12.41516130316136,0.2188641817939753,0.09153493906591299
1015801,12.738479759803193,0.23497814961669716,0.0642904331560083
1008947,11.671785897632182,0.4946003152564257,0.1602997543600389
1014536,12.743042496215438,0.19787175871874205,0.0883347435798752
1007596,12.218351540239363,0.26067808393935143,0.10421391336087794
1011957,12.257145275617113,0.06585354764794886,0.036974574171414504
1011247,13.373614131911262,0.1589602462439981,0.09624106787540695
1011342,12.181386549844456,0.23917572706814674,0.08922549488189908
1012413,13.467277438676396,0.07745674910806265,0.04684154639655886
1017180,13.352392510901607,0.13123735050309138,0.04087096342862337
1003873,13.4627712652186,0.18172073484003148,0.06577427042561539
1004583,13.459860154734033,0.2755316729908165,0.11115122221299514
1012132,13.25815620032688,0.13453725808843087,0.05239594407202002
1016091,12.950997696389043,0.17844044631643075,0.054408692735637296
1002441,12.695587541719382,0.16323131035680888,0.08994175222642038
1017321,11.549205583193972,0.20823406298487074,0.12346422150814006
1002070,12.564836035580408,0.19723877021555367,0.0762473236700752
1000434,13.32220810247631,0.4428919059209031,0.2593007353817045
1016064,12.456734804165265,0.16880101076824752,0.06770987592325178
1013437,12.158090735939973,0.17045636065385372,0.06751612068934612
1012704,12.89065867955847,0.24699678599518327,0.23278531066368033
1014864,11.825779636989127,0.40044533951734496,0.15322678100785647
1003162,13.737983866101262,0.18513826837771377,0.05907457962626966
1016455,12.676625881451647,0.13042514622385445,0.06236321902501156
1011402,11.616987845917631,0.21739262302475965,0.05540266785886763
1016999,12.579260295121196,0.11867384193430267,0.06002738085901289
1009759,12.921695440105893,0.18105752577462528,0.0672396145627793
1006093,12.417818293483014,0.09523401970495611,0.052975751511540686
1001828,13.530745839643043,0.24309739727714777,0.06924178826098912
1005509,11.961330239920493,0.25946233797042506,0.08509391721096851
1004145,13.845810533569077,0.14006592845884105,0.08574293515972779
1012143,13.527740101982117,0.059624470891537114,0.01956837472025108
1001927,13.355482063616734,0.12646428524085493,0.08456884983491832
1002227,13.08624295875058,0.18455870339506306,0.09110601783217717
1004181,11.768324900274948,0.27535211654491515,0.046469573602317196
1012645,12.33429938383933,0.144308154994918,0.05166681803409731
1004772,12.218006463705551,0.13195832242021496,0.055534842573959874
1006563,11.717143111272748,0.6703721851896639,0.4266295935178513
1005941,12.41639155256928,0.25860089993218227,0.17940446413713765
1008210,13.200421732369136,0.2443966588928397,0.12370244670797872
1016858,12.911890365354841,0.21022274467854854,0.10591214091852476
1005270,13.361791891535681,0.07610841764082205,0.04118633531783637
1010155,12.085373254912305,0.18786362943251808,0.056628508953790194
1009866,13.343503931313824,0.19172697817058856,0.08997651873344337
1005394,12.934624541851084,0.08530584656468397,0.05305747135034717
1016485,13.329558200037065,0.07665385184538447,0.04532621034788136
1012234,13.051976846898292,0.190518867368473,0.03950102218452006
1015735,13.102930169410397,0.19650636690852158,0.1736285824723949
1015395,12.673928378228162,0.1460520286997475,0.06748222231562759
1013014,13.5125598976636,0.20852051973459557,0.09529233254746876
1012433,12.628111394791082,0.20926184527468972,0.09787984980972812
1014148,13.332689667860166,0.21102338537927087,0.11433478855810285
1007502,12.626197211675356,0.19000739034324565,0.045351211543493086
1017362,13.161755032025743,0.13952848331238982,0.05310133111440891
1016409,13.129115446414948,0.1362822640720739,0.06805635018278586
1010757,12.83524197491246,0.2721972927277732,0.066809386263174
1009673,11.901344079273002,0.26543167534933404,0.11717754995906343
1012902,12.855183535293001,0.19922184463433085,0.08734676758000354
1007652,13.934712989335404,0.19788849743726147,0.06765913501690547
1014663,12.463005375516111,0.11528335739745965,0.034646754822413986
1016169,11.608219332224653,0.23963752131694271,0.09162366125326711
1001311,13.353080010793658,0.16779957440776594,0.09653662849383286
1011208,13.249652932666493,0.10125150300986595,0.0437194465988062
1011970,13.08399739529385,0.16838467145451821,0.1086003286679927
1008713,12.685372617340404,0.15104618048476215,0.0892621732479715
1015472,13.442051147794347,0.2783840159796727,0.09179145195606633
1008469,13.018198879075403,0.2507548634128929,0.10707872042771892
1006025,11.584860123405498,0.13432297253544967,0.10653034702942796
1010370,12.671523607853116,0.3234139900072212,0.11268148061040015
1006243,13.928622883268494,0.1813030640738635,0.08054145748046672
1000927,13.117859849877204,0.19671842067648154,0.03568800190255668
1012687,12.640983664780805,0.3135292690570748,0.15281580258802893
1015862,12.270757024104796,0.12754239471459713,0.0676250608478333
1016577,13.732517053268149,0.25723661580706914,0.09238709347084971
1012746,13.302129561259397,0.055954764626699925,0.011355894429532151
1008564,13.498913131266885,0.12836093240979563,0.04928331783012647
1013771,12.871690229944697,0.20760890306718527,0.06756742989035266
1015641,12.990891308967619,0.04293780020821183,0.02772531026846025
1003085,13.235232331533632,0.07626635855509409,0.09224907490837231
1004153,12.886485004476754,0.14634204351305607,0.05226855988048123
1003472,12.955163552322498,0.12601249582939808,0.06727596070131305
1007088,12.816134066767104,0.2569867670414361,0.15842832737915694
1016793,13.714061616968124,0.31733756385100537,0.07820176939804249
1011704,13.311882342652709,0.05958052072007952,0.03937455623277989
1017227,13.335708415035151,0.048767857400507625,0.014632920780335875
1017533,13.051988505041065,0.21431395408108908,0.08241551836081336
1004292,13.095806535770048,0.22221209198837738,0.15689671159977187
1002421,11.882891796158153,0.2574252130944479,0.05298117087061305
1010267,12.71430447822875,0.20333883156070467,0.041344639187004435
1009782,13.201704412718213,0.12818387463672917,0.1384149115963758
1013520,12.727842606360365,0.4303153236670566,0.12067595180762886
1010610,13.464169658191784,0.2513029567674891,0.06861717768751928
1014210,13.325684964691991,0.2403650686967659,0.06700957028396215
1016842,12.540910173860027,0.11788123536315682,0.08773698298302296
1013610,12.92083157359682,0.1519135009856587,0.06352896339540459
1008651,13.554243460641667,0.18628676192105426,0.1022240725193534
1007385,13.86999214146166,0.22523515913313805,0.057269189599276855
1010179,12.204260123555587,0.21704288483883982,0.13291643982228113
1016032,12.945527008478455,0.10874438888599935,0.06018511719877118
1009725,13.18179493036936,0.5014657935055585,0.1274165566261918
1013998,12.140976295278008,0.17506248070435376,0.12593959545053027
1004099,12.705221845250382,0.26076008082394353,0.08688660239417755
1012649,12.259142836504845,0.19421443122567728,0.07996265470884575
1010205,13.62841235479536,0.17985921088307688,0.08536713831429876
1013296,11.898268853374217,0.31572381991043946,0.13713913120585203
1016788,13.081113588011036,0.3809642393596571,0.09741145959817195
1014019,13.872292449657866,0.20779790974764212,0.07193805852732059
1008927,13.17950906266784,0.20614234076569637,0.10227125096285589
1009006,13.117986087095076,0.16141386109138947,0.12548845796977362
1012927,11.818463490946188,0.48217894643868703,0.17578164559917475
1008143,12.088338234154092,0.1522588018895603,0.10846525790006421
1008920,12.82854698847411,0.35926210463561564,0.2228461389308848
1010100,11.93625770981617,0.4091958709294029,0.19057067321193924
1007504,13.108431657483374,0.39003238339103674,0.24625512661851864
1016983,13.323789126253299,0.23625868259596006,0.07327699171606915
1000190,12.286788782845312,0.5538580174228731,0.1819882997966324
1007726,12.727313120921513,0.23908086148398833,0.11830618184057727
1000128,12.21314674029648,0.16824536252910838,0.1140421782137443
1010120,13.896035789049769,0.1942242983456079,0.10460681824205037
1010149,13.566577601565163,0.13670877751250254,0.08038375435451045
1004453,13.439845741878997,0.08605586799820766,0.035000636634823744
1009155,13.023545039863643,0.3261617834882563,0.09146472137512449
1001354,12.113522454120712,0.09094936464229475,0.05920571091933133
1011793,13.488003814795652,0.05685239179809071,0.03847861794357856
1011698,13.912862440207286,0.13469063480266594,0.08408257219819719
1013338,12.763385584765071,0.38580744827424107,0.15166442192225868
1007524,13.887291568402773,0.13207280661686804,0.0733045719497021
1005011,12.44953842946498,0.3192105289830571,0.12126598942459749
1015274,12.524794989998547,0.2556860203171175,0.07466386906535646
1002480,13.412126449138746,0.029555287499878558,0.047505498560773116
1000972,13.420961317842668,0.126423474423757,0.06101013347075363
1015261,13.802343270278536,0.08227003143218779,0.026193654281013657
1001924,12.806875113026372,0.2685455944125174,0.08721579040894487
1011922,12.678857833820585,0.16015503343190782,0.11243927515554414
1005135,13.501637127447163,0.19700881333290976,0.12462663101420221
1006822,12.843885553346155,0.13712601009802616,0.03928288298596194
1009775,12.879610661891322,0.21005809029042272,0.14544393498813193
1011298,12.347029438871402,0.2199667251930878,0.09505410792420856
1013367,12.849109862011861,0.17432209176639876,0.0938175661966327
1004726,13.485711135133558,0.3020787465357579,0.10536348025440098
1007527,12.975176896230865,0.06288331581225061,0.0256642022745342
1010387,12.989850843267483,0.12277643622189886,0.10232424955890194
1006055,12.672407506950734,0.30415456389738654,0.12323842413906172
1000327,13.29639453981259,0.10840753609849063,0.038307030555162394
1014181,13.254776988340003,0.14735198308996023,0.09214374845247532
1008906,13.056816192793374,0.0912203336023279,0.054040151804909585
1010133,12.824954194125553,0.4793026529678375,0.23721220836424214
1015398,13.70917630324629,0.2428430622073191,0.1033738143337243
1004858,13.864445078750043,0.15988476273395807,0.07077152712018127
1000944,13.510270312481929,0.06817413860311419,0.057051014586008246
1002163,13.287463962448149,0.08323848615986472,0.06374397203997784
1001191,12.614825117011534,0.2989606658383954,0.1976714550735681
1012707,12.204367776786086,0.4583527535494713,0.23127456844090763
1000777,13.510583077926762,0.0369417240138631,0.03383434299322735
1016452,13.730027837496324,0.26860167414523295,0.1414678462298912
1006949,13.076984708764153,0.1391269499535834,0.16644924369123787
1013970,13.247557007857884,0.08651469679283402,0.042736967117632946
1012338,13.25381192461986,0.22548126074021835,0.12286576071093744
1002952,13.518630295199118,0.20393486333174107,0.0694829168606573
1012495,13.202276916660479,0.15095576723563853,0.1315115674987532
1004852,13.871280276384987,0.12337576308309799,0.056297287069143075
1015687,13.28003488676464,0.10152329359106547,0.03092134204568745
1003357,13.751371723097334,0.11653343086402063,0.08496640161566764
1015053,12.681483271064339,0.10633220489242418,0.05638868654801734
1014614,12.286800309804692,0.20767554001045738,0.06040268535264981
1003578,13.029047385425441,0.029932856502780214,0.03380977387261139
1004632,13.394174221683329,0.5418150389931101,0.16110757100466608
1016993,12.860712127735768,0.058474957692536016,0.030912285610569322
1002755,13.590103287582107,0.14025326745135466,0.07398762155807491
1009527,12.735981954113893,0.18151240561615067,0.10218106629688628
1010836,12.012024387251222,0.24173711717353805,0.17235194762086709
1012885,12.939303702260034,0.19268827012920903,0.06880489747370284
1015125,12.479994612511668,0.3989512374483151,0.10549402352546366
1011442,12.590431727132732,0.2317390101617851,0.11831349743916049
1001934,12.983643274025146,0.2308713227173056,0.11309237937588698
1003853,13.881366778475774,0.07469243902012568,0.002146866100168977
1012915,13.076430041735064,0.0697523884285346,0.05350798306564126
1007238,13.209694892592715,0.27066362930894816,0.09673808665192155
1013047,13.84764076118719,0.17647670119605402,0.07285358396233295
1007301,13.518103282994636,0.09616032892704889,0.07531789621475125
1015551,12.744902529101998,0.1640302719514376,0.09934296803198805
1016195,11.647300534452881,0.22791627752002164,0.10807384537703746
1005123,13.976797835515947,0.226637029877027,0.1279029504218014
1013182,12.297473130440324,0.1537765338992618,0.06565096732363475
1006716,13.259768363467083,0.11690118136001355,0.07589955447914985
1016654,12.865425092096826,0.15860699503473213,0.043268563198895646
1004362,12.37422537001501,0.25530223628862814,0.0990507180451247
1006372,12.431591915747985,0.279671238094492,0.1463424798283824
1000104,13.651287894837,0.18723442997756096,0.0941182085947615
1010062,13.946674014666097,0.18655256368554074,0.052766354694542425
1005908,13.158861725172587,0.10894805404136942,0.06442242145240562
1003091,12.53162433930654,0.18974348191594043,0.049384872097140806
1000073,13.061927474528298,0.13192058893232989,0.08649528804446979
1012329,12.569449949119916,0.15738373989240362,0.08564159526084024
1002604,12.931992710821032,0.2749168707249523,0.12002078923914467
1010743,11.531419936592672,0.26752172935543855,0.08033547707577512
1003872,13.031970219679101,0.322904959906344,0.11381267084108926
1010156,13.336770129009837,0.340517711229523,0.08106827713432294
1011862,11.469890428644147,0.4888837848126956,0.08590786554261942
1009211,12.954782760029568,0.04753480701281669,0.024531919046196123
1003692,12.775300570131316,0.16846979183380278,0.06866449148287944
1008230,13.324591959618232,0.3589617694750803,0.12671305389841483
1014288,13.111678341988673,0.11998449596927788,0.07920141208673266
1016857,12.681759992452745,0.13528250480062565,0.057128863299269785
1000999,12.696221225746145,0.25532346551390855,0.09349781518449805
1008877,13.698141874145751,0.1869517614382205,0.06899247481681901
1002640,13.182313202063513,0.11078420560421401,0.06908568070166636
1015118,13.126804257208025,0.2152409135446365,0.07748126270731985
1009739,13.044308879498116,0.07656895380861807,0.04341889109961992
1000936,13.044205097401843,0.1610111639354083,0.13974139886419035
1011074,12.724973851696973,0.2137705396351275,0.07464554979519322
1005667,12.263576685046665,0.2467150184892791,0.08996366867644608
1016209,13.086070201332767,0.273936849367641,0.09115908195869867
1013198,13.195396358997575,0.10339030686881048,0.039990083283846935
1012539,13.37713098105572,0.13541092760315174,0.08037993916746054
1001379,12.404021050036292,0.16153485762364778,0.06688184284450185
1001290,12.736108618759244,0.23902273056092144,0.0905791437122212
1014847,12.7178861573859,0.19256186582098467,0.10145560372112494
1014230,12.837263112784756,0.1976207831859661,0.07615097910750757
1010820,13.757173806918193,0.22724508594867823,0.0868538341192364
1014233,13.430092605830625,0.13021033313895028,0.03550244617520586
1008453,13.237232965524724,0.23021301356539273,0.08686252111152484
1017412,12.719525241822195,0.16577585746037243,0.1021947708916928
1012271,14.01409861939705,0.2209810255479624,0.07618809757066912
1011844,13.276051787185894,0.1155342080260093,0.04642676546979966
1010050,13.88584262778551,0.10849911724333415,0.04924421074450643
1013580,13.402188299186353,0.24155586380254032,0.08627287251619248
1004531,12.682041169957522,0.126763822806351,0.0376228388571475
1009554,13.921488280484871,0.17374181079915732,0.0486853847879908
1001357,12.646822845632592,0.2783770612346703,0.10846467615787526
1005545,12.778401215829396,0.12925715352364442,0.0804430859369997
1008395,12.75205310149852,0.24562733338039147,0.11810827755873113
1002302,13.161782100627116,0.10654051508902028,0.06180875263107045
1002546,13.71097929502285,0.25298483729705984,0.1904318279559303
1006444,12.070370077835493,0.19103983302294467,0.11876255753301226
1010648,13.39621079836836,0.18508957419338942,0.06644127756855206
1001527,13.017653425247582,0.10970044111741518,0.053189074003797375
1006905,12.997558318140975,0.28226441026972393,0.10485342848721833
1016368,12.106541831628931,0.1634822140471107,0.07669041449420444
1000322,14.079216818286426,0.22598360615148394,0.11922186886997613
1010163,12.386452166606466,0.1740449928058033,0.08806556423186032
1016425,12.531322381964658,0.18997790574617396,0.06658069367064019
1000379,13.231761559684893,0.2790485542603566,0.10486272480815644
1011872,12.820684359226341,0.1680969955669122,0.12311677744379702
1011124,12.863198460015447,0.12756082191345905,0.07895893231021094
1015627,13.240315607316463,0.19459814999150005,0.17124354235886308
1010505,13.235646708244426,0.24412020639599025,0.10031127503473564
1016662,13.196889317042867,0.2890156545635711,0.09051485110611825
1011223,13.89013029822619,0.3333992171982656,0.08662879881838036
1009792,12.41529346752816,0.17200354224320094,0.06031537129284391
1006073,13.620212553041828,0.4919864390160714,0.12025584541322443
1003568,12.86138713857147,0.24982543682117758,0.08348640180623962
1002386,12.760903665152759,0.21557887672091566,0.13000890533306583
1006690,11.66476940451328,0.18335598378360704,0.05523833657076961
1007986,11.578383533575055,0.14351442550812019,0.047861965055295545
1003857,13.758226343197656,0.10765144454439193,0.04395125343473331
1002217,12.832015757022555,0.19444651383647765,0.07293158649218133
1012343,13.168586870740222,0.2100500736240019,0.10532943032195828
1000652,12.795731307288094,0.21778980116466437,0.08036263301454427
1015521,13.412502773983668,0.1048701464983199,0.04640506665364915
1015964,13.310764668969194,0.15937318388395713,0.05823120057103101
1009206,12.956123803955679,0.16550236425774661,0.05710091448481782
1010365,13.915096181887398,0.13713679590974864,0.07061558713670871
1011982,12.970627187978346,0.0709681990026646,0.038645850875489336
1004940,13.22826416603731,0.032075848360881926,0.02414791874589731
1017580,13.69035933695105,0.12602000527455673,0.1042217221209574
1010488,13.22483143739678,0.036650122197177414,0.03323010027254702
1007080,12.32490000079836,0.19120223767361652,0.06476540530100146
1017489,13.946318196588955,0.2842073764616128,0.08437608438103188
1013959,13.513612899446175,0.2620599059373193,0.11453283995332511
1011160,13.026303963330495,0.06291464487057079,0.025008977214434375
1008836,13.28494631906183,0.45723071530389264,0.10303099914890594
1001609,13.461263036982517,0.27565671292768085,0.16339544889140983
1010607,13.252108800150957,0.12660974390361976,0.07469640561573586
1013979,13.369437329012051,0.10263286090912685,0.0493497635513628
1005004,13.26809608880908,0.14524490167262724,0.06718386273306878
1001877,13.996263837313364,0.219490574121281,0.08088117269418378
1009898,12.537242182281092,0.3004277750565521,0.07791365115881457
1001974,13.782090297718419,0.14530060786915858,0.05337157100453185
1010596,13.00146765263591,0.1422817159671482,0.07964679088086059
1007151,13.174376186767603,0.21091066422583996,0.08902156125710979
1009570,13.222530563900554,0.19239300817039456,0.12988204508564594
1006656,12.760002411268848,0.2608461340697449,0.08570753843936765
1013923,12.462179119617796,0.14153758612801323,0.039826640111067624
1006832,13.72996178277135,0.2631456910571027,0.11588107637599702
1001610,13.118303389328712,0.44597997951614665,0.10782671975929128
1006033,11.733239034553966,0.1586822452661675,0.034134367182392836
1016471,13.739809319061518,0.48714595576810416,0.12242075265592232
1016460,12.565402287450217,0.22299396889591858,0.08631807627368265
1000134,13.141571021147977,0.15428043732603416,0.04433227237478751
1016655,13.044283187112974,0.32532821655113187,0.09771573588479569
1002874,13.726954806895296,0.23790337121437752,0.08448686684272945
1017090,13.511678492562355,0.05767466297427925,0.03847337589601395
1004582,13.000843635522209,0.12681210133253895,0.07189515235722643
1006049,13.082472287140172,0.2536420146508055,0.16103130384610123
1003571,12.740161330502344,0.09587954384237349,0.05053676912322109
1012557,12.603727915965784,0.1566925360517436,0.08032288669176135
1000894,13.908719547784742,0.11778076869676589,0.04769918520379804
1001460,13.517594603814242,0.1379165097435529,0.0773954232539951
1001393,13.844596402348321,0.22518108884432386,0.13800467652236653
1016960,11.852885152761797,0.22726223039417445,0.10415651348923216
1013146,12.476896024474613,0.14357695936638507,0.04404915357249385
1004672,13.224168845238944,0.18087325078974759,0.07295376371394206
1013096,12.702451551814262,0.28235230818325247,0.11112029411779727
1001077,13.99858073764014,0.27196172735271934,0.13329811741166211
1003667,13.113633437491186,0.03937405130564049,0.0358037027844929
1008964,11.619380701315366,0.19620183689271917,0.06497866536629329
1016399,12.716664416525127,0.16230032137777486,0.12189891047863775
1010274,12.883816707141053,0.10251898576418078,0.028818394587529925
1009285,13.423630268003146,0.2870945607192602,0.14316098727501445
1016541,12.205866531077278,0.12991511981775306,0.03406409315242329
1014742,13.890538209917572,0.167440539379594,0.057885754002755314
1014761,13.412271962703898,0.08340206825109461,0.02859508783399233
1016555,12.551301680075696,0.3879696274072081,0.19743053609631245
1008761,13.53715828727517,0.12929007425060504,0.16500821823468123
1004309,13.3027598158537,0.5706833798634536,0.1522123528845227
1009412,13.054871071098189,0.14360514415751985,0.08138375900353965
1013348,13.281625031859825,0.07088394591495956,0.04943658423471691
1013616,13.737151264095735,0.11242224457598701,0.06427894283862445
1007742,13.09004772976462,0.06894017599028929,0.03007773709831868
1009503,13.165362495184352,0.17823070261771223,0.10423662387529647
1002694,11.707904343392798,0.15591512421057657,0.09789084972442873
1016131,13.096482372426138,0.13020295171676874,0.05527669572672472
1003236,12.824223065944631,0.12501620244349032,0.04477499624134816
1004540,12.138341148451207,0.3023149624094461,0.135201133135546
1013116,12.81517925123041,0.07635901558478164,0.06243438181354444
1006209,13.791705859706234,0.11252654252462338,0.06429813606284669
1001371,13.011490853216637,0.19893618723731502,0.08651457402957226
1012008,12.633685289857938,0.18462422665818443,0.07014128716219986
1007921,12.4491234077905,0.1690987178837358,0.06386814571862073
1005436,12.00681863152437,0.1645581138182539,0.0938534923490853
1013983,13.395411168043877,0.1270617755757904,0.0653437992199496
1014822,13.482545573524655,0.11421541966129255,0.07768654624128167
1015967,13.003414801339696,0.14572722619825773,0.08850043176304324
1005432,13.122074146621573,0.06133178696386802,0.05166994769796105
1006329,13.182743493309369,0.14061706948647162,0.06665779306973738
1008689,13.349119230075003,0.11182712561624376,0.050482899836909255
1013231,13.02820895528586,0.1200943377189187,0.06370387849847385
1004066,13.359314898447002,0.2740000592137377,0.061901108153151314
1002381,13.213998120634932,0.10899614632984002,0.04216317977297029
1001705,12.91785337509451,0.21255431034542444,0.09819833410520627
1007546,12.967195443457216,0.2396850911901811,0.14607415215902042
1007446,13.891444431435549,0.1302661115701501,0.08283894909632702
1012883,12.408761108839467,0.22013546069213083,0.1042607456784803
1014725,12.731530635129458,0.43941095307026967,0.18308563895009214
1002868,12.668586690914973,0.1886008517041673,0.08096666661468224
1015856,14.047801700744765,0.17272312877329993,0.08118355672351996
1001233,13.804945124295203,0.058238589676198355,0.0741518772882716
1016304,12.596945406930447,0.061696033712676485,0.02215414548122223
1015530,12.580095435894139,0.21612279343042706,0.08238598658216999
1006928,12.542674417618315,0.3649512537452832,0.11336955448031581
1006568,12.775990203809968,0.07133631368313166,0.04732789380475985
1011764,13.047889253798914,0.1351561993885054,0.07852993338995672
1007203,12.669863497853951,0.15565577323482602,0.06956875518620549
1013756,12.483606774760357,0.09210851173652916,0.05784677409837489
1010482,12.573757978004183,0.20686165700859308,0.11783161697924577
1014277,12.248868892388026,0.3619737718629638,0.21082467394085636
1006815,11.963114644238576,0.22450050174663608,0.15045496541864992
1010468,12.195171945305347,0.28980268704398393,0.15587825742616174
1015252,12.321181418227159,0.2528640142462017,0.1391238712452702
1012956,12.441894206684262,0.29151017538602036,0.1659926228540129
1006162,12.671181713098937,0.2422417674264813,0.10507160417159114
1008873,12.4440768522326,0.13534214237276657,0.02553886862327849
1001715,11.847579805920532,0.5421615428736024,0.2016377439872674
1014601,12.28079642361275,0.1979164656681808,0.09991605888170388
1013335,12.574377708689623,0.3148825835529151,0.16763201012922405
1002541,13.924571279769301,0.16126097422199182,0.06662892511132186
1005930,12.96824552724905,0.0836806422642461,0.06147680451392807
1000589,12.601139494435913,0.0469005927786431,0.0471020877967869
1012395,12.831267109734716,0.13612469492057738,0.09590831894114414
1005566,13.619143639009593,0.18694340437238216,0.09449669387621495
1014461,13.921020332464439,0.07223800640722695,0.05183759711015765
1010127,13.444251460338153,0.15679200695479603,0.1131091046567306
1003122,12.513462573946253,0.2802472942282573,0.06935975521810293
1001668,13.365911382199144,0.17040360021392958,0.07807470525324821
1001985,13.232534582120895,0.189174271876184,0.06566378343145503
1007740,11.673651172838516,0.35080128841564645,0.1245127789321879
1014821,12.835725040218925,0.23768031467416023,0.0983757582823921
1016079,13.18777478573854,0.1976584911353829,0.11591878431328982
1017576,13.737990882065354,0.2725742823870069,0.1643675026197558
1008692,12.563454894412878,0.30326471254768306,0.10030403972913302
1008331,13.484977293074556,0.14854055931772017,0.03252562497121259
1016661,12.758572303179832,0.20720643367542205,0.12187097589595236
1005049,12.136833376955538,0.1247083108085499,0.04804830010924203
1005370,13.571538259579754,0.25121156596629723,0.19201202019510358
1017542,12.577652534322285,0.30233575406769414,0.09930058383800004
1014862,12.069480468297575,0.1077714213082677,0.02993550699841273
1010374,13.60788592901682,0.12745006881398777,0.07145047344149495
1009075,11.82312705923701,0.2532876946820161,0.059715795646210275
1013589,13.318383947608032,0.07059412909106273,0.04280707826620371
1002596,13.041912623758108,0.06332229650549599,0.04928385658869551
1003632,12.661821465821305,0.3182564042392264,0.20713242732896786
1005479,12.72798078124111,0.2402387057450284,0.14836327969095087
1010235,12.67963509992089,0.21265642148234107,0.08499542358379401
1012354,12.53739847769693,0.14577908027131128,0.044073681260388894
1006550,13.625774940132661,0.27765779320009587,0.13223949569950078
1002622,12.763555339803547,0.17455894600752989,0.12201739744173679
1000507,12.125238014245339,0.20672289656347437,0.0511313889236822
1001726,13.504733325296849,0.17387925048702169,0.10088099455118199
1003651,12.832600660009213,0.06119149751076208,0.016972736690676067
1013197,13.710851574612898,0.2516769337464781,0.08137791428199272
1001850,11.907300670600838,0.2031790224926982,0.08094795030936393
1003376,13.096427885640644,0.09026782257531256,0.06569065116500951
1002988,12.498901839049159,0.3894472679341075,0.12523248462374498
1014013,12.81469809555001,0.3204440120731322,0.14251617871730582
1005601,12.883338223443962,0.2174408065641871,0.10622480518065004
1013060,14.085604756479363,0.15676664035466817,0.059999649875005286
1016240,13.035062070499402,0.12570353762537242,0.06008233261122362
1013595,13.669789595787867,0.07078678264787847,0.023799199051036654
1017503,13.0167668604958,0.06158624582792484,0.05727523840817201
1015461,12.228096449701704,0.3202029989479272,0.15462003029562538
1008749,12.883837254498706,0.10108505007490531,0.06118174507342996
1012686,12.762273415502449,0.20070786582990383,0.07998899248150493
1010550,12.82032062117218,0.22764045204595604,0.14407060224736407
1002277,12.409085492298594,0.10536251385357945,0.044270934724892186
1014012,12.192240061824597,0.3227511534331482,0.10256693809727314
1008772,11.64035842910951,0.269008282213737,0.11866837664929156
1012461,12.445006252021088,0.08306691898704274,0.03591596321257301
1016171,13.32836055356762,0.14162397133572294,0.07468389217232327
1008394,12.678578213556802,0.27236898021919076,0.07378146610485534
1014391,12.95363451785272,0.13663483191548628,0.04151957757061343
1017598,13.094606769363056,0.24561225590834948,0.09309209718656278
1013575,13.827959076733185,0.23785788893673407,0.123369525388377
1017603,12.964149762349876,0.13321391345070677,0.057764925588943944
1003756,14.007875232970699,0.18379561135109387,0.06441487297393535
1011545,12.376383330271532,0.16681458402717234,0.0650750918892918
1017517,12.379212058164937,0.2094420868956351,0.08449840916402923
1009139,13.319459639424503,0.26903915843554693,0.09453894692640008
1006652,13.215498739927412,0.26778928894295234,0.05576137889699647
1016344,11.839420309763529,0.3016038306326574,0.11630839202652739
1006916,11.533066069273758,0.2282050039559421,0.07573751784018692
1016020,11.910116740338262,0.16263201391956006,0.0811145307050736
1010530,12.680931293275309,0.15906516980519086,0.04060025811459799
1009815,12.167256002332287,0.25558797129460453,0.06832833441869558
1015349,13.248528922438174,0.13373137378256428,0.05868577074259441
1006974,13.06773019687418,0.1069242261996757,0.04584203181187174
1005651,13.143205801876817,0.1092112458699732,0.06363489459833868
1001754,12.611816354215534,0.09908329159943133,0.04662286639758898
1010476,12.175980806021508,0.2696730358352606,0.19428579244857194
1003628,13.837586887404314,0.12927732072846723,0.06968642688498229
1007244,13.254482852584573,0.16789787747391333,0.08372910249355188
1005189,13.50603989998305,0.14552226279314465,0.0677592245095628
1007950,13.18501868204107,0.12320657192326068,0.07438213133625272
1013298,13.985815988768115,0.21041990688113385,0.08032790375071891
1012362,12.715239985257403,0.19643259103876876,0.0913939965339233
1015449,13.411891663712078,0.0940216752151633,0.022673115788857768
1001112,13.173691016577294,0.10764328883917863,0.04562935305880477
1011886,12.748846097581847,0.1781847698295182,0.09630140378306534
1012072,12.83548058435508,0.2589469756787583,0.09754703474175788
1010495,12.569759511565515,0.18385229529882954,0.0847426043082461
1008502,13.509373673056903,0.10608931441651634,0.07448051641064793
1000925,12.693751396403464,0.13405020549755906,0.07813566757915663
1002531,12.335620795194382,0.19120242035098747,0.042990047346325534
1001377,12.15288850846237,0.20320093613525347,0.07998285564991936
1011183,13.207174808200906,0.27395789943023124,0.10898428624205708
1009283,11.689591550300152,0.21460726336559774,0.05865292193094719
1003367,12.408063374141276,0.11899936524054154,0.07682192725197699
1017571,14.088900753539958,0.10987636377432726,0.10711771389156687
1004230,12.43298545329584,0.1072962061228196,0.04096446362315636
1012491,13.238947088356255,0.16841727143525087,0.06665986089865611
1017093,12.039315613759017,0.2371079963833475,0.11030694747539309
1000996,13.219322538742611,0.1474142099225143,0.06198815390590037
1007427,13.562898254717412,0.19086467211922223,0.06455053302253415
1010203,13.935394435123143,0.261051286750687,0.07025421833622682
1015807,13.081269878592593,0.09029647099057682,0.05423698514071839
1002361,12.895682303395782,0.23584185284207718,0.10381637336715856
1014186,12.995800473023664,0.03543610775799845,0.009831315794888667
1007697,13.382184353680872,0.09051975464732533,0.05479406355004397
1000214,12.939832878066913,0.2139068213628094,0.06002021279513432
1009378,12.780353873661248,0.1579831155883027,0.07477683691460356
1017243,12.784689372423319,0.18459197202382235,0.06974884553740528
1000254,12.081897527429826,0.11008585930880947,0.050070513161364856
1016106,14.137769172188644,0.13200150991559637,0.06198287236535371
1001923,14.110299216640904,0.13445979964980478,0.08357988154543974
1005041,13.092568307694986,0.0898406364137958,0.047230227101945875
1015207,12.772150620518953,0.21761859140521697,0.14620595899975028
1002685,13.536407916324245,0.1348222642592225,0.0473935233557717
1012941,13.974162600918572,0.2812775200229371,0.11302023891060778
1001207,13.366136914071198,0.13621585613168838,0.11721099086548897
1015562,13.192789669770812,0.1565271047650256,0.04569700409398011
1002429,12.899351454843782,0.18285819104574727,0.12040720590304382
1017104,13.110008536837435,0.2688115752779147,0.12300567307820326
1005086,12.87303707071424,0.240832802599219,0.10675736482053301
1012291,13.830344191971987,0.07899450570160993,0.03896999224597049
1014056,11.639088151047416,0.2580152279780955,0.13449000408261597
1015158,13.546978704477182,0.08409766813801417,0.032850599871341105
1014296,12.902620277400908,0.2857694725184285,0.1806927004717224
1012046,13.355454859182457,0.05233632599329535,0.04089362002954655
1003011,11.959318024931166,0.1317148368624656,0.05748963274895776
1014244,13.29732487224007,0.1249278639788762,0.07371336735904663
1013309,12.90299996609538,0.11307764197495963,0.052299672185587
1001966,12.148283162920174,0.17725430274183196,0.10898849348085678
1011245,13.572665423302308,0.09123079496338153,0.07504151348593939
1004967,13.596236482016211,0.1532491974570052,0.09332523562860748
1008086,13.10160440649311,0.11338905873146535,0.03347423893314772
1008051,13.116412620085399,0.12637480133938817,0.0317710617285695
1003099,14.208699070622352,0.14165834721552245,0.09582116330984576
1005149,13.16659132903036,0.507263229235082,0.10185530231373895
1011054,12.141392885850847,0.4866597637984741,0.2785810995148743
1016050,12.616611863113164,0.20418728744106435,0.06046930076722774
1014891,12.33418922500006,0.29302281869732016,0.10341809237778589
1002291,13.376310827290654,0.15521764768535679,0.07885671470726917
1011241,12.77832525299138,0.22538126052872468,0.09159481778963084
1017044,12.772440501366068,0.4130689186295068,0.2154326004052673
1016739,11.577108345403609,0.21819329515709593,0.11280562380729477
1014336,12.416178578187289,0.3633719742994485,0.2274998899427774
1013636,13.020249455682139,0.054165463322545036,0.02922195690436779
1005992,13.038715400821982,0.3179365291679256,0.10720478253581901
1007628,13.72275595737878,0.2643059627606808,0.12529454384584035
1004177,13.83234104888087,0.18152291286142125,0.08085472206570772
1005814,13.460571376071725,0.10513936573619506,0.04102849301013953
1002639,13.224027225545013,0.15015830131185318,0.053058636317670146
1007408,13.748836957217305,0.23531371140758317,0.07440572762784603
1002635,13.137556500022479,0.11777497044857273,0.04713323928915589
1008678,13.080487976375357,0.09073764399010635,0.07091320938571126
1006163,12.751798511118608,0.14359979153318017,0.05168411079678699
1016516,11.96867134289775,0.19552195051256396,0.13884086828870093
1000515,12.649035702941248,0.09924403066872436,0.09076484980750778
1016332,12.815937721194748,0.15564328626391227,0.05066210838955539
1011890,12.044319326671705,0.11019188856143135,0.0639824324127771
1002524,12.920759598810236,0.13682644822774012,0.08557211203919833
1007577,12.610302333313546,0.16445230757132576,0.05984361611689736
1004871,13.083232397792647,0.14231216313367068,0.08382388171248722
1005147,13.099621196146366,0.3328150680148504,0.1170226153963511
1007197,12.740374081262207,0.17165749056914636,0.08419883429106216
1004936,12.552180092189563,0.2746366002934399,0.08444897599443897
1002939,11.690692937849533,0.11795090799166649,0.03578274747022879
1011877,13.162127319354761,0.14896512393769107,0.16745671206800636
1012870,12.589949045882255,0.22599389187797841,0.10789967225116555
1016258,13.261530813698164,0.26906561216694164,0.18150856193123743
1013479,13.273052217844134,0.11280334390122311,0.02779949652009841
1005220,12.677318785081196,0.1668659135799321,0.09971509417764202
1003167,13.383716604022334,0.07798762028840546,0.027033448405382965
1011132,13.622999936581584,0.20041179481060617,0.07550339770523981
1000340,13.169076935878769,0.08489972696138996,0.07997168077500928
1004646,13.001298935792127,0.12129587427319158,0.061179660874743455
1012243,13.653708298655935,0.216043964099028,0.08395904659605204
1017384,13.895796910769263,0.1282310554065588,0.05079530417524908
1011733,13.063305544889717,0.26442381144599364,0.052376860668655316
1008282,12.866094220734887,0.09151925231049862,0.05606396439835792
1009522,12.862734005232861,0.20024172950781347,0.07001546000934583
1007103,13.25654421285293,0.2444454541217339,0.17445147099461358
1016420,14.157899255193671,0.10355255211708794,0.09023621754074122
1007396,13.306902357647552,0.05876083030356174,0.061287129006138426
1015745,12.664287235831063,0.11750217697017652,0.06575966541496928
1013628,12.942779507078047,0.21042350327800974,0.09440929695473825
1015214,13.4881010032441,0.19358164514520032,0.13773260803836868
1017186,13.551342382341316,0.09955748876567153,0.0466739642837627
1004008,12.809134766178316,0.10250768548564747,0.06803619787278872
1008811,13.507288600532764,0.14055239905885059,0.11352240061299072
1008490,13.124366258158725,0.21463515955431273,0.05952152761064296
1011483,13.025329689965446,0.14268775798565855,0.05599269125787732
1007711,12.817700692134139,0.19985581336245742,0.09040548525455122
1012781,13.189644753291597,0.3799361907683231,0.08497972494498846
1014108,12.61435194563734,0.3219591217425205,0.12680952481105037
1014830,12.802722086912965,0.06303799675989694,0.027413565789550527
1001781,13.303066127503403,0.20056053877570473,0.09250622740871436
1002103,11.348810529135287,0.3657680667335171,0.14195102854872832
1014866,13.074135377105337,0.06546717014256648,0.02051918611431665
1014994,12.729223594234101,0.36246507675395256,0.12372817720339922
1016727,12.533170558631662,0.3606018597302607,0.175750700436438
1017019,12.37135518427952,0.12077909745383886,0.08580715133205631
1012825,13.057080710490085,0.20467539598605072,0.0769452256444638
1009360,13.727955621202144,0.1687927822290363,0.11320849073944765
1012696,13.436546133475003,0.09443003195562673,0.06664274492724499
1002855,12.864561897570129,0.09256130103616363,0.04793332229900689
1010714,12.749240950211522,0.17513066360197152,0.08521155036804527
1014189,12.626553461911847,0.14562859639618883,0.05514437417922047
1012222,13.507493422387462,0.16069987397603477,0.08726915248544691
1007440,13.626149394596903,0.138531537862233,0.04491901412291342
1012636,12.302873542657206,0.298507997146053,0.1603578871120235
1014424,13.091862744946596,0.055992944687193666,0.018318188934219895
1007062,13.203059373665669,0.3277327852098192,0.0676323285087164
1000911,12.81684129389975,0.19267894918376233,0.07905546510635429
1017550,13.06227923479191,0.22271834709696758,0.07067565009067199
1014788,13.866960017452687,0.19545880218516787,0.09800708637463776
1007480,14.031740407744472,0.10181395811999344,0.11105444949851326
1006619,13.29713704880842,0.06427552197277779,0.11614450949679721
1000888,12.926655653459477,0.23964686725460652,0.136526315808021
1008977,11.7791126426157,0.2981677668167019,0.15988476265431875
1006470,12.87141349894376,0.1936673612317523,0.12288468485460621
1013244,12.853828996496475,0.15004004253789385,0.08739062505947114
1016713,12.91526110855817,0.20825971833902832,0.08253971691645605
1002490,13.416838101756511,0.059815347630068155,0.0799465906527365
1001507,12.148274982214497,0.22737379424179496,0.08857526773565559
1009812,11.970584222166993,0.14884643215763815,0.03819489227164625
1002778,12.764679829300118,0.25239983795075494,0.07639221636558445
1012084,13.239726606281991,0.21575897608573197,0.11122013599665316
1010477,14.052262117547933,0.0795952411510086,0.0964434846178383
1016618,13.071922504448398,0.3086677961579973,0.13475970066650983
1006608,13.970510831036858,0.40076077197136983,0.07924889336932517
1012448,13.150102425019151,0.09030890036172914,0.04077094937619648
1002022,12.882373100962768,0.5716391202786559,0.24024542022956205
1011554,13.209719182111108,0.12688431733873382,0.04432709113755408
1015033,13.223218507805903,0.11609047838927146,0.02296714326337132
1012906,14.10710083323989,0.3130152774375387,0.10979090293205755
1001293,12.666628630905784,0.323197681377368,0.23697867464520958
1001948,12.565460947032378,0.22386372516392672,0.090842399648885
1016275,12.0174166828102,0.3340975700431124,0.17570236861111546
1001175,13.36590250601491,0.1203144775588981,0.09045396768934846
1013271,13.349909881593907,0.19768284401608896,0.09930019397021775
1013576,13.041944942833751,0.32208114264789844,0.1386084727427902
1001270,12.782593346767678,0.17025848351011613,0.08843466463712911
1017508,13.895493455817785,0.09686817462095514,0.033464321352915084
1005637,12.90364084627361,0.07601055306448831,0.026442386971100035
1012484,12.851222130783453,0.042768880941946585,0.001503552374706103
1002452,13.661042251577404,0.34762695766315366,0.1228526569615712
1006351,14.145215268968622,0.18203702822935955,0.07072236059714289
1012884,13.291580566791678,0.3018098373426164,0.11012647017302146
1001814,12.949821352861843,0.33106618157705986,0.14081265489028486
1016847,13.244711981535763,0.2841766896062965,0.06162100694021005
1011928,12.802968392694407,0.14222439126841105,0.07577228427675799
1003473,12.8891221957282,0.15367041862058878,0.06313592187443177
1014579,13.894982333750065,0.12469222759575535,0.059996365057560994
1000228,12.554730409427616,0.19810495469923198,0.053195305808118334
1006283,13.432846606344334,0.08648158020685673,0.055593491853438606
1008128,12.062751035369015,0.3931186328998878,0.21244351628130437
1011948,12.894831070918443,0.20777720004616268,0.17407812308562592
1006601,13.013899173539986,0.07714568010259966,0.04497119904952662
1015831,12.802973467033723,0.2922658777406756,0.09096410867349902
1017492,12.598706547487472,0.37616564035700395,0.21094367500176317
1016179,12.851029089197137,0.21078989869618608,0.08580077244434321
1015273,13.293271993296965,0.08471339144079096,0.06836105958660954
1000962,14.052319922219526,0.1212607438712778,0.07069847338172029
1008548,12.411465029644281,0.1646838812794711,0.05310499121957512
1017197,13.303904917805463,0.09639664086017116,0.05894432785555082
1001000,12.72623033405755,0.07178640360789847,0.029581810791807342
1011002,13.036718646025797,0.17754443710468565,0.1329322375752029
1008039,13.136818406136953,0.17994972467134174,0.06454632753501356
1014085,12.754325434935112,0.28511220334583603,0.11122555557898464
1002269,13.434030541728838,0.09862206611643205,0.0474987077354695
1006744,13.286415599365219,0.1822885017223458,0.10493312324799305
1006508,12.892121058567692,0.09732771614769863,0.08600190963730589
1000172,13.06390763358854,0.23941855340105178,0.11669090755924144
1015049,13.076513974191805,0.29200638478424945,0.08116471427266168
1005648,13.734150114558133,0.2185193167908013,0.12640972041748336
1012333,13.356111299277794,0.10301597515472141,0.041943258705227714
1010167,13.66979252620248,0.36364343718388986,0.2188831014813428
1009647,14.210953263145107,0.14149621992090328,0.08422598107001443
1009752,13.18116961486068,0.07144887592034851,0.03475585625942556
1003045,13.014929655733708,0.21619335964287376,0.06712103798202523
1005593,13.81365456094489,0.11306394901870898,0.056135916344107056
1010854,12.50570314500333,0.06381151309908185,0.01754787408621243
1004157,11.899549136905469,0.14822844075980365,0.05279093315270762
1013681,13.472212274821024,0.06869710855373584,0.054589015888867616
1017336,12.946523121374373,0.1662005685307764,0.06132874944359037
1001173,12.469730813597627,0.16388676790757248,0.05221794235563713
1009179,12.410683663510499,0.2116694226953979,0.13635381765394616
1017155,12.639308103595802,0.42115088811065887,0.09697046446811955
1000334,13.304660055846435,0.06564628417737467,0.04913167203799147
1005621,13.06994998244219,0.1748744319527889,0.10918198956441441
1000399,12.630880929283625,0.2380205684834485,0.16076693500441275
1006965,12.863026485108835,0.17298168184311644,0.08532443576038566
1000789,13.949361892176855,0.0859028039438057,0.04512728495155757
1012633,13.945714084241095,0.32085209365733575,0.09308419705251657
1010445,13.275627508057681,0.08683671657970107,0.10101349652232187
1004521,13.556184460152018,0.13683900679534663,0.07872028622828653
1007543,11.77682128728959,0.3464780036728328,0.1210569901042489
1009923,12.67395469269347,0.16067715081950087,0.022645356838747726
1014962,12.372840635747608,0.36847240915915663,0.14897179624637022
1014836,13.506794566677609,0.17737285019446966,0.11304777480335833
1004748,13.05530124602978,0.05334793137390532,0.06093451475985501
1009551,12.982404141883753,0.1430701935213718,0.08347552998766623
1010253,12.081363465972842,0.1417766040015632,0.06995271390357291
1007016,11.842837095121942,0.45819683962294977,0.26621881454186896
1010546,13.212294708404148,0.13044760454888726,0.1088188357594143
1011232,13.145883293465332,0.10887408698139758,0.0960618649375374
1009579,12.964010172519151,0.13400289445963115,0.07623100558150013
1011233,13.693854966852841,0.11698002058122604,0.06664403957656229
1002275,12.784839107994705,0.12419383163429581,0.05871386111023688
1009208,13.825079089186726,0.28486982636296426,0.10066651763004529
1013943,13.43367812954802,0.24910653920423756,0.06405143290111781
1017589,13.7761902340932,0.18586558922350396,0.09388070374707783
1012832,12.253270285929048,0.07408580183320562,0.03357607096778888
1016496,14.002562335237979,0.13505522772332848,0.09906332088655725
1016672,13.522358741654168,0.16163777617652822,0.042283224686120245
1014508,12.912488470016115,0.11755903458205683,0.04111970673961102
1004303,13.414834309962226,0.11078540658773035,0.01375279341374466
1009471,12.718612242948293,0.31524920118603283,0.0948090690043456
1005522,12.831709749912953,0.2531354889606043,0.17104966522502407
1014979,11.94023541559477,0.17186091877243295,0.07423966378835452
1007172,12.593579443004835,0.10653198952311128,0.04599019821384668
1010496,13.807800075490064,0.1386361663212936,0.07997929896653284
1016563,13.51223156969116,0.09883494402395857,0.034625932939585734
1003995,12.876983356567514,0.21993249173397864,0.0950421675860217
1003197,12.641718629022943,0.14517061315061403,0.0902182915026942
1000880,12.2835263458471,0.19565462703898157,0.08811898315486331
1010465,13.053151168973605,0.15215037728375483,0.11818951637586501
1002044,13.566736504187578,0.2337390761615506,0.1553154895134857
1015785,13.565176761006027,0.12379449135519154,0.08909811006676732
1001333,12.473423265941518,0.3337444543343864,0.12362176641948038
1003254,12.41262534663565,0.3019288835840473,0.1218636143283015
1014735,12.750968971488161,0.10751173581854265,0.05723098934523533
1014771,13.24245797766949,0.1369942856245063,0.15566523798554407
1005883,12.77900463446953,0.319755136934015,0.1510069557429179
1000504,12.71431486832686,0.5783566022512177,0.13858154650148652
1008715,12.655274583642218,0.2035770551969864,0.14444048110517438
1015087,12.660941387044227,0.23768166308915048,0.0748670279413431
1008542,12.014396543990976,0.22031528496462743,0.14541764625395023
1007630,13.352857597795888,0.12863629120408174,0.051832203010722375
1001237,13.856995153951269,0.19442495164924734,0.048155928839037666
1008197,13.408994493485013,0.1089178635078151,0.06693355408481541
1004391,12.982963293626904,0.13648958334043404,0.05439859381065419
1005384,12.900364083901538,0.21890596716358052,0.1419839665171264
1014451,13.517730515827674,0.16533960952313365,0.04660527665110965
1002193,12.705975563397095,0.11462779625689398,0.045164888210057125
1010194,13.04950727283789,0.088904771816153,0.046705111717506194
1007886,13.728318578413985,0.508602451582334,0.10634628676622986
1012631,12.886720911576115,0.16930980034422435,0.09322907311420335
1013398,14.072890292394026,0.10483372919739789,0.07662896317811374
1015140,11.821522276949333,0.12646287328947792,0.06861172043602681
1000356,12.888339888368659,0.24235881152402886,0.08510164075733644
1016286,12.350162554079498,0.26350717919438493,0.12309366985442537
1010238,11.699979879437132,0.32400994924917426,0.1417797663530868
1003063,13.118985746491155,0.20972319580945878,0.1333651930578704
1012613,13.720324760917038,0.19061577218664988,0.09185796107137416
1016726,12.831922988253956,0.12203311322713521,0.08289522471787097
1011277,12.786127676345336,0.11059199363269032,0.08378556817442374
1002928,13.27165180151848,0.2337010920062433,0.0736382127619632
1008551,12.310531398570408,0.20087058189120893,0.07169493215377258
1000036,13.385889814561681,0.050934340182820295,0.02285935313899536
1005118,13.057330202884282,0.22618091730192844,0.06767470200729454
1014088,13.368942222214297,0.10822100654569287,0.0886736911303427
1012050,13.4612559350728,0.17348033629340312,0.17569952619980203
1013928,12.73806258283732,0.4115428097454408,0.2129728534678134
1000848,13.39046336461856,0.14295156610476975,0.07674357152520218
1004478,12.418751930909314,0.2250834106557648,0.07632438964177737
1015166,13.2409167632916,0.13812209759787308,0.0776656544003777
1013336,14.02343635025638,0.06568995286154987,0.03438760362860321
1011428,13.018495603131463,0.36542956265503673,0.08236691510267738
1008223,12.196668760024878,0.386510391656489,0.23448507520627035
1015787,12.355467362174565,0.2611885623275857,0.0861742914435287
1003977,12.564795389713947,0.1699575489338746,0.08287993830961916
1008596,13.133008560851886,0.11372835308335633,0.03937961356723565
1006159,13.589717669621324,0.46607118547231075,0.19901322327887686
1011849,13.67777362904185,0.227911965650277,0.09082671312857744
1003100,13.342264323548187,0.1092926552292325,0.09286791383103143
1003700,12.864895146201457,0.047910085419440654,0.06126423075490967
1003937,13.586167560889928,0.12446577478581075,0.1585063520032684
1014352,13.645836225669976,0.13642826545957215,0.1322761442544511
1000223,12.71827281055167,0.18477739059590348,0.1506716154993607
1014271,13.961526733068942,0.15567488698129325,0.05220055583790286
1009567,13.535244681543036,0.19443452716033288,0.06806175097182218
1010449,12.558182889009743,0.2755932180280082,0.10944033979631532
1007554,13.491129927654585,0.4032678686269037,0.24886561708986246
1011612,12.697472721946804,0.25177979557447416,0.07059324730245284
1013064,12.990738262498175,0.16909858289454685,0.09728386540760108
1015154,13.624613625080572,0.05812064380441311,0.054889634582009954
1013032,13.113033633843452,0.2177895323956766,0.10569136891667515
1011466,12.85891714934814,0.17518717059321023,0.09523901126065916
1000709,13.38040825911765,0.36725736575702944,0.2181262356407633
1014762,12.032927665720395,0.15282963725504808,0.07466560602268936
1011252,12.965581490464118,0.12435827861434857,0.09153951805909867
1005094,12.945150786236791,0.2773939139040617,0.11431363580539641
1007884,12.862923447497428,0.25183860064081803,0.09323906859330888
1007164,13.157670743225841,0.2579652992456453,0.15877755434753685
1013355,11.450771808838331,0.3133765148191635,0.10020707487419235
1001457,13.124163569452413,0.17857432880103935,0.11238417861178722
1017397,12.139115164985503,0.27720136230831716,0.1304300905283108
1015328,13.096796755744288,0.14429144638661734,0.0809014726706624
1004123,11.555081519480071,0.6174863213332474,0.2849270484103577
1014274,13.639291048527255,0.11437016253026029,0.07481200650309125
1002784,11.927248606223785,0.27563724873538875,0.08744869536466827
1015200,13.744679261244508,0.35786424441440934,0.10653176188294836
1007569,12.71846743408436,0.2306663284631551,0.1015046171324186
1014527,12.652479579630251,0.3041459416419055,0.11853012401087588
1000737,13.78671386500262,0.22094792199636423,0.0800164631117826
1010433,11.927804722333919,0.29596197912908556,0.10179384036588889
1010522,13.028828621978986,0.25123832683096686,0.06972517132314762
1014070,11.765260787019853,0.3049516962440898,0.10236045923926125
1011681,13.074762022247173,0.11191130199844121,0.049815495112732804
1004390,12.373756759063795,0.24969147248431864,0.11502364549668909
1015333,13.857220646670378,0.11464921096750205,0.047233361455005486
1011516,13.698628203215609,0.214496638459533,0.12171691222309322
1010824,11.486511061962297,0.26445944623518763,0.12127128920093258
1012248,12.80845097748464,0.13462147911165165,0.07291012060903279
1002935,13.10909364421392,0.1199593652267217,0.0580991983167737
1010766,13.025976649781065,0.267351779289667,0.10345341452200738
1001926,13.981069400082943,0.2167035921259662,0.09963796039788471
1016055,12.669736812160622,0.24810784483761628,0.09636972364558126
1010703,12.16279137617624,0.27692336859591177,0.09291762722408405
1002987,13.605119727158911,0.21353485756642532,0.09099191867067832
1014616,11.43025134076912,0.247996660413044,0.07711972970051362
1014329,13.669951047675369,0.3228261672994128,0.29636435784558357
1014017,13.162226983032221,0.15635295042376515,0.0693291964561027
1008050,12.735635206914793,0.3100353143713955,0.09568755202633902
1000212,13.130252793467927,0.11439344023721308,0.07257973925951297
1008845,14.080170827648773,0.21490965695691805,0.14091922928618378
1007066,12.969535677462178,0.1902288808459319,0.06819599774413393
1009295,13.100621146174653,0.037678761514769676,0.040262321461767274
1012962,13.956828592504214,0.09948464456780334,0.084149889385042
1003328,12.917254588412964,0.04415438892779752,0.02842732947318175
1008807,13.377986463214242,0.14385929584355497,0.09602442304016474
1012105,13.687726542495138,0.0694513607841471,0.03649890890858484
1013778,13.262847278935858,0.11328104316661995,0.059829516381870854
1005539,12.790699763393041,0.18692163377250667,0.11083215931958015
1013873,12.292322277075655,0.20524487557638735,0.07562704533726405
1001719,12.987021842203085,0.32541979478465366,0.09049995612601434
1015972,12.036112668056761,0.1456597090738776,0.042532830557974396
1003303,12.488719430021744,0.16549144516407427,0.12459403716290803
1006527,13.005109227527194,0.09763996547795271,0.03867089960731842
1010741,13.155361627958348,0.03663410543259971,0.011612884246752872
1014734,12.91136524739027,0.26891730933699226,0.14384337925746207
1000919,12.271411857246003,0.4946599442416098,0.3112931889145621
1003478,13.580470749070892,0.16322261262028545,0.06824739459443198
1016213,13.169269779793014,0.06187170571393118,0.034625926247443775
1007327,13.770354949813688,0.10061065641992291,0.04400045616640427
1001386,13.08893715233487,0.15267791691875515,0.07403465514730295
1011229,12.460788219419555,0.16718824429120305,0.03228921541141682
1013688,13.41496042682676,0.29130044454098514,0.12023503491824192
1005237,11.56060448842498,0.28654525955670646,0.11239812728461993
1013924,12.335877432866226,0.19984083931268637,0.10544565019198412
1005813,13.066841610710583,0.19465870058826723,0.09186299875778543
1011095,13.032523685642529,0.08938084725978261,0.045232756752289764
1016058,12.719547027768138,0.33392603816123256,0.17140708718886685
1014723,11.946003947647228,0.5438141815317215,0.1653842782131096
1016411,11.586887159297937,0.3813157323607394,0.06815302358491987
1015625,11.685438782075536,0.27094622817716024,0.14392057172509112
1015163,14.073707611707958,0.1721443016760455,0.06538769782856456
1006337,12.641772256546544,0.1800481280514166,0.06651319271293896
1009247,13.25577514088418,0.07692228278171598,0.05896874487288059
1006747,14.119226279276562,0.2168918438187629,0.16146807178355757
1003817,13.920639106020891,0.08507667555682889,0.027630918779829722
1002316,13.991802814531482,0.20595240895291103,0.045289541325784506
1005807,11.943303379030134,0.1473010467324187,0.06708899866357249
1015722,13.16813761813774,0.2252475562912708,0.09267954613926133
1000088,13.493681307321197,0.09394794190238863,0.029859724188621584
1001033,12.846170235368367,0.1795736531012341,0.08808890577809603
1016503,12.547485879768615,0.1545367242269252,0.08907698609543845
1007600,11.982145909588281,0.18797672026134252,0.13262190529307066
1010491,12.72583488717342,0.19814830821492604,0.08857291665547627
1012001,12.956418429527266,0.2984373964832182,0.07651095587844861
1012152,12.491745286452014,0.18128831810060353,0.11524370934984225
1010932,13.082810823230673,0.07366206082943398,0.05679273203803321
1010717,12.95430019093611,0.15623963956332737,0.0930653093105348
1006456,13.44540565611152,0.15479639211305296,0.07484671209977664
1011885,13.619955526671596,0.11022619509454465,0.05408301597649363
1010206,12.957991577039783,0.19400666968890376,0.05417180601096846
1004174,13.414275157688763,0.16102234014960212,0.04706252095173084
1011728,12.190349547399544,0.22054163252156464,0.07264543165508389
1009711,12.77910341267661,0.13911938164290222,0.05723221458687273
1002867,13.166877730022122,0.12961518736807745,0.0621675961966901
1011621,13.719699740663186,0.19313623731397808,0.0761487882479475
1016641,12.885206428734447,0.1876643244322327,0.13794104303725868
1001592,12.623633768278324,0.13857235193783127,0.036945985816624644
1016789,13.536817990032647,0.2188269162077012,0.08639098161542241
1005825,13.999236775037408,0.11353944793115404,0.05811452611174846
1011664,13.281493673743297,0.14393886001056955,0.019281411767510453
1015042,12.58620150687044,0.1690353003177059,0.10501420693632926
1010538,12.010652575477474,0.14251842870320702,0.03744546121421187
1005909,13.498248934436278,0.09363791276430394,0.03865050813759376
1016995,12.346733295371356,0.1184706705890016,0.12023428378040084
1014198,12.503986766404289,0.24891011322579534,0.07091623525371546
1003257,12.895590371280273,0.06627273543866068,0.0266561347653013
1008598,13.326389518904241,0.11656205311720338,0.037491814387159504
1008100,13.190432674780117,0.14521480912388138,0.036758474125098015
1016889,12.81130760224091,0.2680285735422397,0.09617864140721279
1008987,13.688822150063004,0.2777050131905104,0.05854827201646956
1003088,12.238490402602812,0.15874553793072252,0.060373324657218175
1009773,12.825027959829226,0.22980852745233177,0.07491927392697274
1005423,13.166648208908617,0.06617183596846626,0.046773645594429286
1016648,13.25145417007598,0.22863003679114668,0.17416185925609928
1007863,13.158505050660862,0.05906112060251282,0.021813897283346984
1006278,12.523484991705185,0.1498540824199651,0.04789780838517493
1009566,12.960497287475194,0.16554115458233565,0.09544920517495842
1008580,13.278845683404603,0.18933784471245751,0.10708227995170486
1017259,12.739421917966952,0.20616956118969995,0.13518259304075753
1005540,12.060818905803654,0.15001227903884207,0.044605082395400224
1002055,14.07422916687365,0.1911436705208334,0.049295409000914725
1004223,13.82127043613268,0.11756870601403045,0.05170191802701104
1016977,11.838301518781904,0.3757683538029129,0.1813944313992949
1003317,12.887169265780829,0.10910619120802152,0.02308915984886648
1012052,12.529394650839729,0.2493642828709468,0.1152474133816365
1004819,12.715190093307253,0.10583870094296133,0.05171969269638093
1003757,12.893485394701374,0.13136509235273683,0.10566556149458817
1010115,12.695721597368072,0.2721753882331087,0.09309929518571454
1001791,14.088891867641268,0.1707290484120244,0.13871473854033273
1000468,12.589255515231104,0.10367803856954476,0.08855436551064573
1001104,13.750528923223493,0.14874217090675437,0.04068970286695971
1000002,13.053781589922528,0.23827712239407797,0.03351777094766077
1017438,13.54836073475,0.3468492256566221,0.06724701609496365
1003409,13.871725311346946,0.0755076344439075,0.03774750776957213
1006806,12.74668715801765,0.12292606052656506,0.059972142666403994
1010059,13.607918839494857,0.16753507737312354,0.04231426263555986
1007036,12.675783974801648,0.3018359033125519,0.10158871951000155
1002719,12.598258728573837,0.14590581174679954,0.05994426495558306
1007612,13.537828562582114,0.2032075136487303,0.0671726282162999
1012221,12.365559118053778,0.17503546634646963,0.07150507887594983
1001874,12.804314775336973,0.1842986863249079,0.07243619765410751
1017153,12.694499801065657,0.24120809529009232,0.13560467375465193
1004377,13.145772576793016,0.2635328697457432,0.10047685962946633
1005077,13.34895703679886,0.17146977913004882,0.1103000986038651
1013285,12.925585171492857,0.16119531185267882,0.10062078627907028
1006117,12.526080615033626,0.15133536143129128,0.06629014707941122
1001168,13.089105317047713,0.23341636104377164,0.07436788811203501
1001799,12.652497092883904,0.3247847285058596,0.1112882096769868
1012549,13.701865588000992,0.1321481521004341,0.02553243070855248
1008162,12.909343200716414,0.2772313302570015,0.1775229936840528
1002751,13.386545275310656,0.25884889235945624,0.11011171028912652
1017213,13.658102899177102,0.19963687914007672,0.04919966445012985
1001471,12.598676347918587,0.2521540171656227,0.12122688320360261
1003618,13.518818735964404,0.21367002358561926,0.10178141098161744
1008837,13.257908166779277,0.1967153614916226,0.0641205431323867
1009069,12.910266411317822,0.13134829959419103,0.035272350511792866
1011943,12.562915680526176,0.18187280822563193,0.06245314961464732
1009514,13.507132199426456,0.20815704035106325,0.09634597435973478
1012039,13.192037976768018,0.1164651045460906,0.03139579882067922
1003240,12.844898276601961,0.1755376033075216,0.08848778736911275
1015458,11.571472018970585,0.27534024789481765,0.14585538652370733
1001840,12.853513749840944,0.15523263744356375,0.07868180528988745
1004332,12.818896096294472,0.18351696943446763,0.08508368276862589
1011086,11.685668580222865,0.17098333051790945,0.05787542439694541
1002758,13.245140238671729,0.4560677629739807,0.22973000029829932
1002865,13.670169644376847,0.24524103253306545,0.10308848947741929
1016049,12.250264332784303,0.297888386977154,0.08778391025666414
1003068,13.950528427141705,0.13071976584034337,0.06684475343287974
1004613,13.176296346727899,0.12702434343645522,0.06584161733449935
1011547,13.053197648141056,0.1765440101627685,0.18522434754550404
1015176,13.683914164979521,0.12288084951505862,0.04421242891073935
1001637,12.642147200922453,0.23467045209373333,0.18285816975934752
1003902,12.109251151590255,0.10983311581066048,0.0406574190441408
1009509,12.308178111445079,0.2469640828450458,0.1357528748238758
1001572,12.771721982608343,0.12353679360164972,0.06488325588220614
1003707,12.78905102766323,0.1392924042044161,0.06456203378570052
1002208,11.972570850137133,0.26234345146146676,0.08193623691980634
1009705,13.083120672128315,0.24815378524224607,0.07811413011996188
1010826,13.241292114584343,0.10479572662996442,0.08977386893524389
1005766,13.711960883843817,0.0654428497514301,0.08002017799978513
1001901,12.687913192719739,0.29703365318836583,0.11005599075862266
1017578,13.499604467186531,0.165941994086252,0.14946779787939565
1012276,12.861475180957035,0.2669456531583106,0.0866754569821261
1002252,12.309777647380859,0.2882381850848591,0.08506555317921949
1005058,12.622101109933597,0.2470828833752745,0.13902617059088462
1016874,13.049978168173178,0.10462483778131396,0.054488045430964936
1001252,13.043039568844286,0.16945320949755194,0.036700335841681406
1011952,12.66502634271927,0.12585414278389478,0.04834665992683039
1017066,12.273085866295563,0.36003667907989245,0.14907156660007764
1002066,13.104905603527827,0.2617722340941314,0.08379839089872192
1008572,12.984074345224732,0.361081366679274,0.1356918347906561
1003608,13.259391930431057,0.3593725846240018,0.14017453311605776
1006087,12.937225672869756,0.1430592122752222,0.03834510175802602
1009609,12.753101864029812,0.15189909352528994,0.10580431764032282
1010379,13.426395595522989,0.16947149187394306,0.06437004298867577
1009110,13.701537999447105,0.04415744737590547,0.00970818021592336
1008714,13.100144534116836,0.08807789825465455,0.061496309146631185
1008527,12.861081004137684,0.2252804588704957,0.08480813242649489
1014631,13.023151163163499,0.06373333913233362,0.021793543665398412
1003821,13.594050402983846,0.12186996733737972,0.06135325606724854
1008728,12.688219564642102,0.515406799002501,0.3306479370719224
1009227,12.775983823756944,0.26500783559456265,0.15720788590836196
1008615,12.541097800545506,0.3699744769593556,0.23871227438744347
1007691,13.805536633502612,0.19468462738104572,0.07328341047993737
1006631,11.615427726494287,0.1889328691114116,0.09597727022541841
1011485,13.761841340348518,0.044030918214426826,0.029044264452672965
1001380,11.972204359570858,0.4281572297885246,0.422411454304954
1003029,12.500075119731095,0.36507736875465097,0.12183451682420113
1015861,13.73277017133445,0.29205731134336455,0.09092884441100475
1009897,12.048373696595164,0.13987051116455188,0.09181982422636613
1003680,13.036954857991228,0.2827851991090534,0.15504250138193365
1011709,13.312571853816445,0.06553243030614557,0.010872422179794557
1016957,11.454605303932839,0.3100947393459171,0.09456852117509146
1000708,13.355649218661359,0.10180973914215176,0.10113273531862378
1003999,12.161606720170772,0.10786327266212312,0.011516691146386185
1016779,13.574143982764957,0.1737365645515367,0.04488590896707705
1012042,12.742669398786317,0.24316472983714243,0.14091081382058768
1010091,12.819765134779582,0.15818537304117247,0.06314891697283784
1012840,12.821444792042833,0.1341837252658825,0.06584905153804851
1005710,12.966315811726306,0.12806310320122302,0.059858657728648304
1017236,12.889922730881004,0.2706608972221526,0.11125801111590727
1002153,12.944071379676691,0.0682743134268598,0.00879789542921589
1014493,13.712564264187982,0.32725255535111747,0.080498401794527
1008703,13.50121614420843,0.06798981901029087,0.043526428161953824
1012824,13.967210948184212,0.21078630736160026,0.13323716956404072
1003459,12.80621852841951,0.19993155161192888,0.08333968474666449
1013342,13.076257663206718,0.2195222087240015,0.06848990137055046
1004549,13.08573108116732,0.1652222885422006,0.05859889297393324
1007131,13.46522656563839,0.04794091669915819,0.0832113611335331
1006005,12.721635870659673,0.15122231416020762,0.04868473791161223
1007265,13.430068523226723,0.12235288337023234,0.08759624332974376
1012284,13.675778239023707,0.46831577625088894,0.11200686238866953
1013854,13.27121687227984,0.19630120091117503,0.11062711077180662
1016283,13.33723335322709,0.20145016947663646,0.10760133215385109
1003494,13.687013280608257,0.12352732526048736,0.08580604154865104
1000870,14.151389917483579,0.2075714438206213,0.10227969461095518
1003278,13.528224115435421,0.19782677696470016,0.07509163977797267
1006860,13.166917383374445,0.11214156096645993,0.05157157775878109
1011723,11.780569120629382,0.11057453694929922,0.08253591970357761
1000491,12.860391789434487,0.07196323595454329,0.043630596891128616
1001219,11.934496353532312,0.3841691414237977,0.19370596996688316
1007486,13.342752884229268,0.27672635229317066,0.10325133648468503
1011179,12.697036127212563,0.33960343910622615,0.19812285541690522
1006217,12.993511232236292,0.14651646704101903,0.06308857931637157
1012109,13.56074328188901,0.16594608910585087,0.10361912476710268
1002141,11.738572155379613,0.22801533241260943,0.09553802934055557
1002255,12.650800578716124,0.09233532475649567,0.04152272113956371
1004440,13.92172043397113,0.09556961790144346,0.037268748234775474
1008492,12.341239329634256,0.13074197158407042,0.04835994861370279
1008311,12.449716086496812,0.2528423861120488,0.14386692573503623
1004004,12.928898811808926,0.09797356137272296,0.05950401401277928
1011191,13.127961114994166,0.1411306667534894,0.04166268042738826
1006262,13.856464108907506,0.1545401185534627,0.10420891340457678
1010769,12.761303356577601,0.16180856489738799,0.07412368758291174
1006964,12.706035160722905,0.20665676513258857,0.11438811136849354
1016930,12.838396485550604,0.12067787055208523,0.05782549591771
1002322,13.328302968986568,0.27150800543305187,0.1986828243204099
1008468,11.438926138200102,0.1996494418936248,0.06194081694688478
1001790,12.572646142747487,0.18621819050985464,0.07507088439703759
1006907,12.094908424849663,0.14838650433309272,0.045482448868839204
1004901,12.627020318237209,0.24383811446259349,0.0914951973079704
1014160,13.716050662780278,0.19180115903790385,0.07237639494651123
1005162,13.045435319669538,0.33286133530701034,0.10893247542862036
1009353,13.01562366179856,0.07159885713333951,0.06565253596252216
1010822,12.06053253232966,0.11430458369479977,0.06996747657919312
1009639,13.214401484813305,0.12929288745364573,0.05613286063476969
1002474,13.220317524770168,0.13569968892595197,0.04455084467259843
1008768,12.983476750764018,0.23899038720694282,0.06244791057749997
1002756,12.970597203082534,0.23585073965565093,0.10530693688855843
1015857,11.616370498129163,0.1879383917554741,0.049086752283009655
1015838,13.452295467731519,0.06450674917195116,0.02475030911856182
1013718,13.593694080738336,0.22152894903397405,0.07116976876777753
1010436,12.73377239631139,0.22966213544485917,0.13705922271811102
1001944,13.211329276754029,0.252406741621738,0.056621636851406004
1015267,13.8331463332092,0.15041527903718896,0.11456835224341878
1015777,13.555562737330161,0.18350566142147992,0.1301145507851228
1000098,13.241774158792618,0.04005264914081662,0.02097518464785577
1009676,12.998335668889927,0.11684375166281653,0.07742729472478924
1011715,11.392418721770959,0.3206637799888345,0.1389681649021573
1001081,12.966060799245474,0.15665711014709596,0.09062850455152216
1014374,11.484490539537195,0.16824098606657814,0.08906836814959315
1008068,12.663730207606955,0.22471822859786875,0.09221900608758463
1002502,13.470124915527936,0.3489471070790858,0.1265313911218158
1004202,14.075836687462017,0.16261372389404294,0.12168585300916718
1004380,13.926055542908225,0.1405153742873068,0.05145613048566683
1017105,12.162542547981776,0.33888723662706866,0.17504393443348135
1014898,13.025955544946854,0.09422176766193129,0.06260577133758621
1017286,13.006012918324942,0.2656916247327421,0.1772438240569604
1001135,12.985042219328363,0.24149994405542463,0.15214430820645736
1001958,13.191959254969596,0.1021899453027954,0.045160302249038886
1013127,14.233929857624435,0.13580477639584923,0.06642158701785625
1011011,12.86442735976785,0.2006974068781529,0.12268571643332256
1004161,12.492258899928544,0.4167418110006514,0.23306636425876937
1016757,13.246119522005815,0.14879792821227417,0.09037216870495393
1007109,13.158525817993906,0.1862537797356288,0.12799791750784423
1014486,13.89760832835797,0.11024397577605217,0.07822299501690494
1012154,13.045565820239773,0.21949709830603822,0.029975326049575004
1007349,12.759642204700816,0.12840343284934658,0.02937153900766602
1000317,12.740462601233686,0.4598186620409768,0.2145453711196361
1006450,12.919520548242643,0.2536348364600216,0.1307732676382249
1000885,12.445118272054525,0.1139937864358134,0.050385929583644816
1003343,12.771481755351262,0.15654319937172378,0.07038258005187761
1011889,13.212937923796492,0.3624990785667371,0.10604002223817158
1007376,12.749777529804254,0.19051374760514397,0.10963991068227541
1004113,13.921304506728125,0.11613103243402588,0.09292962509611762
1009810,13.764517864093236,0.21750989004123222,0.13976735348808678
1012341,13.626124986717805,0.29253901506307955,0.1119490269868133
1003621,12.715805001031631,0.21422221005531322,0.06777914613423879
1002159,12.195314154921116,0.29379293203999746,0.18812122453014035
1008937,13.941488280903581,0.13727500199336523,0.08480757467685052
1010524,14.003653911475753,0.1789417375750052,0.07915926003215287
1016239,12.800590806395853,0.15868912630295745,0.04850759967228174
1004715,12.392121474156662,0.11152332400974482,0.028747821052759352
1004373,13.16902887826764,0.20682157751188107,0.06810390788550422
1005371,11.959932128812435,0.5750963148798649,0.23040512860105444
1014540,12.2993112573524,0.13722353938983214,0.05313542132502288
1016897,12.598102689371599,0.13685794314198843,0.07062001884317182
1002016,13.630095707271407,0.1282185257294945,0.08516004067899803
1011868,12.252102207093593,0.302256702152507,0.21714533728390736
1002529,12.623428981641633,0.17806769832159988,0.09059980101333105
1007550,12.818430298009337,0.26599892776577955,0.21140819750422865
1015052,13.147147701878998,0.2595180972581401,0.2589045301397416
1011497,12.902247410417937,0.17451716218840171,0.0648538389429537
1006906,12.94448193589833,0.07417060108860858,0.05817329766306916
1005449,14.161466019230982,0.11837802320451855,0.06254293297843513
1013557,13.382806761726545,0.26037685597238797,0.141696309591361
1016257,13.04261022525845,0.12539305045365223,0.03982900254584426
1012517,12.433201105575138,0.1676023699334741,0.11253921862916567
1009832,13.107389692560526,0.0987455549607663,0.09622360570081806
1011017,12.728784134956841,0.38544115359522874,0.17251994908683138
1012598,12.366905192087952,0.312261736051467,0.13639283274495204
1017253,13.222801814254932,0.2436753852862403,0.08832498505403276
1008601,12.034549729939313,0.3405627090479434,0.13901587132030452
1002261,12.850762765832751,0.07946240149954044,0.04757273200931689
1007699,12.646848447054088,0.1888459182264033,0.08739902135373911
1008791,14.096092167922658,0.20652749907649234,0.09056994261316574
1005489,12.880037313780965,0.15874659903638585,0.04277058435388541
1013633,12.294765097149702,0.27543065339264544,0.14850836154165736
1012878,12.687560029074211,0.4939076874232273,0.12163881921777339
1006511,12.788086503745282,0.12476980779474713,0.08052358768464866
1002500,13.188262326658016,0.09838364576173403,0.060598478182957556
1001053,12.515509451889528,0.0728227155582659,0.03069118926535007
1012726,13.040062609715752,0.07344785887759027,0.06549802047973503
1000658,12.861524658437483,0.22916230244132538,0.13665576341188615
1013834,13.551809259729456,0.20254186429869603,0.11905013312217495
1010548,12.560624852123917,0.3343758682377252,0.27862241467927235
1006844,13.185726974452622,0.2052917736865861,0.071460659972405
1016990,13.730476691390841,0.1856023239341249,0.08533370980057307
1003725,13.20097011495207,0.08273793321596845,0.07111875797943812
1011678,13.700095648391546,0.26184822098273897,0.10096644390643011
1002073,12.19065881028501,0.34908030152722186,0.1911645629604159
1011993,12.476950315196227,0.10573750761664702,0.03331365859661767
1011791,13.177963985079352,0.09219866305219639,0.058469929479507965
1000684,12.452190105175157,0.17067291124972822,0.0995570057706623
1004128,13.400925362931844,0.19965743066085137,0.06506579199096386
1003895,13.585061426874804,0.11795263226775846,0.04126954572178981
1010628,13.169682388486347,0.17274633693059827,0.07736336210943019
1006232,13.701693032299566,0.13051009112994674,0.03012828359725805
1008858,11.589974412007416,0.19902803787178663,0.09545736122342159
1014342,13.908210313400943,0.1680223392734722,0.11876857192017194
1015800,12.82807354469442,0.19896562916276847,0.09152844668981996
1006249,13.007858360121606,0.09731861537551138,0.0458417593981116
1002253,12.718546340624679,0.23413563126230325,0.12706810830743295
1016415,13.620005889053816,0.2676049335894113,0.09227930648627239
1009807,12.655384794703279,0.2844589851671622,0.17275481189504588
1000217,12.267152715805778,0.40198177138419333,0.1579930246884765
1014880,12.20369873855238,0.054831218916092925,0.01228252383216197
1007587,12.833850707151614,0.16488463289786368,0.06412375544812814
1008475,11.857044818230438,0.13350751258869997,0.018643975454663356
1013102,14.126423507491818,0.2141437599031048,0.09515531069843228
1011131,12.461088621949159,0.34511805754312275,0.18478597269551306
1016030,12.642421244675054,0.19757461395251902,0.22459036160302237
1004386,12.491073786309153,0.27326552249543495,0.09405195084774892
1009960,13.469079019775121,0.12882950373882582,0.10001266131698063
1005529,13.227089923312077,0.14656610709750284,0.04383132359028468
1006741,14.009332973329647,0.16202637367247022,0.0888893720181171
1017451,13.37729441833969,0.1890226379830734,0.07044889537414992
1013393,12.949975505849823,0.1316601294036676,0.04730003678415705
1002889,13.90273760516902,0.13527387490676926,0.09172243549785265
1002707,12.923138612174379,0.13084057673639674,0.06677797723498337
1005081,13.091999519144112,0.04612780416618227,0.052876193565784976
1014671,12.873620221843643,0.07971468329532422,0.08984989973493972
1003831,12.703431157204989,0.22222350659454532,0.15309150792590284
1002398,13.165462078981099,0.09284676441049582,0.04141624511145301
1014934,13.267395985271847,0.2265353170407781,0.13685051992512115
1001638,13.969132814557655,0.15590390230766474,0.07180600364117103
1011423,13.403029634637626,0.08035730832044809,0.06649205832359936
1007015,14.105188134775622,0.18079573538690713,0.09788340545778218
1015769,13.066234266036878,0.19960253425743427,0.05359387963223063
1009829,12.034539417922293,0.1869584147427547,0.08618351371696052
1006346,12.050931049680425,0.15070893152945347,0.09167983107907293
1008785,13.512437483994274,0.09744092439906474,0.06255113816618404
1010801,13.821710117897474,0.3177741021308013,0.10240688422030392
1008277,12.984326947928489,0.17564695651103693,0.08462441381086712
1014947,13.499819511417769,0.24256090711098133,0.20024833455856908
1001903,13.009327135706243,0.3328628597916228,0.18804369620961486
1010172,12.52470550819792,0.13733960075931959,0.018387636451705314
1005664,13.277151927319574,0.16125777983991968,0.05097671778057123
1001268,13.538251878952689,0.09980123013728738,0.05431478888505193
1001853,13.810613800696693,0.29900600811271477,0.07702226026840826
1008674,13.724962328286988,0.16252001260649496,0.12121959098614986
1014435,13.226523845704383,0.20190148444594055,0.11349791853659387
1003188,12.990240812888537,0.11199636604220671,0.0432175677221484
1016556,12.47752779476753,0.08946434521381869,0.029889347807715762
1001956,12.350296494065715,0.3800183306820386,0.2507901110184138
1006821,13.693157473587805,0.14834159664299196,0.040582531912662256
1000998,14.19119258806149,0.10070525099957378,0.04353988837989874
1013233,12.484968312527393,0.17505796846235766,0.14521074214150062
1006653,12.196895011998219,0.24224952034950192,0.1620955910273485
1013004,12.557670618355237,0.29567237662759177,0.1357174171975657
1006591,13.38101199421102,0.11255368545732855,0.04939779005412972
1004083,12.731803876612403,0.18006461664559503,0.09968327309549409
1014358,13.150117201808683,0.2404256361875551,0.07006520969311697
1016838,12.913523689119415,0.11448608252517802,0.06902350617236647
1017564,12.715895961117349,0.29820634589357686,0.15072244645137756
1016053,12.216783972525317,0.311274137172478,0.18267645540538557
1009737,13.179830222389596,0.24714955292312865,0.12046996905372132
1010808,11.88211441398729,0.12731146052341305,0.040758298456192124
1001811,12.82053270495984,0.15462507371321207,0.07171573394585345
1009754,13.357253288836512,0.07176752928451284,0.08587924185468503
1010867,12.409679143705322,0.10300778604660409,0.04065512104198155
1009130,12.521819879809028,0.4467486365338151,0.08416823570792524
1016818,13.031791236490362,0.08014786665431174,0.04267818626168315
1000313,13.182220898798802,0.17222043841934967,0.09403305853729677
1001409,13.634536169066314,0.15590003476422323,0.060766735070007676
1007451,13.635991708267426,0.22673995055739005,0.07606980683412179
1013378,13.010521860020168,0.33024878247759304,0.09346659407274556
1013223,13.293126474600044,0.4845832322967797,0.23992018164374726
1009951,13.84316900096904,0.28249482814704147,0.12840756735379927
1006459,12.295979127526547,0.15153163266516298,0.060742697006184024
1015394,13.091379977565094,0.197489897345473,0.07304462496914348
1002295,13.057581623003188,0.20113523075800538,0.11187462592114492
1015871,12.071450590246085,0.14694727652137232,0.05658371908809504
1013837,12.41016235193135,0.4065244572492693,0.15442076071345442
1011661,13.032663214672354,0.10037267313324362,0.0672106127611948
1012300,13.362578966355146,0.10789050366637036,0.04985876308632766
1006871,12.801762770722291,0.1526129883252788,0.12445349529859584
1001098,13.562447808512877,0.20645194857365615,0.10966946700189584
1005420,13.65977854901351,0.1022045932264619,0.07535252550171971
1012861,12.338361294839709,0.5236558822635083,0.204904380068128
1011177,12.465091030416799,0.07838096488229752,0.0366699372285275
1007083,13.428381864829229,0.5572290343455609,0.2283883930931414
1004550,13.350309982503068,0.14512860637397346,0.06621456691862214
1007900,13.113122485486622,0.07701424747122838,0.0334152415773827
1003795,13.200087804567318,0.17317001365162,0.0468660590979886
1007438,12.821792530797346,0.25201149623548685,0.10042344597418391
1016177,13.76829246994867,0.18334436473130428,0.13173943716209618
1011155,12.93840667374181,0.09418045597620739,0.028405978100567567
1012258,12.580360398633259,0.22924911345842752,0.07694215071043169
1007470,12.821566654406709,0.32284565382474806,0.1242781987122447
1008166,13.162363767361517,0.12340255703557773,0.07048148681283307
1010290,13.818375846849762,0.24405410782099254,0.06426217962962101
1011619,13.208282577968829,0.12674858300572237,0.05244207844351739
1006795,13.337857287664837,0.1449843267140433,0.07499827564847408
1012334,12.795145920666892,0.16496374777619002,0.06977029959268326
1012977,13.464366439114535,0.20159897820288797,0.07586819310109673
1006654,13.724976744767607,0.1565141887237475,0.13475527670557758
1005376,13.552473496117129,0.1538490447218702,0.07550374153446567
1006443,12.205290802868673,0.1237251376633344,0.04140722974915136
1008078,12.257522796560503,0.12226856622119464,0.0711287726714234
1000387,13.426411774257506,0.18806715386409448,0.18982685429803653
1014257,13.285115686179472,0.106875405783256,0.0964461422245039
1010839,13.271610796707256,0.07668352069924483,0.061433477854714466
1005404,13.50816891269539,0.21336202709934693,0.10750156156456699
1013392,12.650240609609064,0.5705859673265526,0.11108381482304011
1006503,13.313498256866964,0.19318700845752845,0.11109979787917637
1008330,13.015623323143357,0.1278197652762055,0.07819137707751692
1007381,12.958102249470718,0.1598809314445751,0.08980577894228023
1005350,12.672689078102918,0.12043633947859322,0.09372928784756218
1013741,12.93260550943775,0.06068688406837497,0.025074004757026626
1013217,12.287570775355015,0.20402794500627236,0.07452859792864218
1004447,12.48323645116621,0.21833723703665123,0.087479969841286
1003522,12.555615250003797,0.13275457283783912,0.06851920847927595
1015826,13.652943894826855,0.1436749717562686,0.06984500666619917
1008118,13.573564542465688,0.34978915533495314,0.16736072660559004
1007106,12.652589020852199,0.11663122468284956,0.03680644291960851
1013013,11.753296942003598,0.19667719774203832,0.1375033316257868
1004524,13.880179622198357,0.2312005967710221,0.06212137066122662
1016083,12.895347743547477,0.09421375384104243,0.06664041650749124
1011438,12.863076713766345,0.14362155272622484,0.0869229227725277
1013011,11.467410995590393,0.40422376759057704,0.14649969565295157
1009796,12.257880760717534,0.11386301749811181,0.09864075277322869
1012379,13.504837109796966,0.15852198699306258,0.10799151339988139
1015260,13.480648691970812,0.13184714024555133,0.07931280596007442
1013990,13.194312347840546,0.35782827716782206,0.2961648265006286
1003132,13.958524872690944,0.2303281591940075,0.10716124648315899
1004030,13.06119284528325,0.10799753793916549,0.027245717666580783
1016575,13.436278893139004,0.14336139709370177,0.16309894097874614
1012189,13.716246304657624,0.2738395344158517,0.060212931939945834
1006554,12.746146102554391,0.1802568788847872,0.1186742961730204
1001626,13.568091072005474,0.19390510198090097,0.07495868908831184
1007891,12.883313719400254,0.16105712637898661,0.0720402434608359
1013319,13.767399314526608,0.4348692416426301,0.10776599637172447
1016459,13.843116325315979,0.3251301005678355,0.10881356233053902
1002308,13.008574194711713,0.16298908841605503,0.06445068325373209
1004950,13.374456491906617,0.07686614711038861,0.03870385375946845
1005521,13.020742926977142,0.04120267093061616,0.012834192135733356
1000895,12.404353689726827,0.19494850159006802,0.08852291499579525
1006501,13.696578927487032,0.3990183667583731,0.0993028837067585
1002645,13.554502940926074,0.3411343115265865,0.0810229927108937
1009037,13.186952352348248,0.1856437756731839,0.12544619251587413
1008483,13.312428649815649,0.22739083531908216,0.10704130627438148
1015768,11.614786193393419,0.186106541525785,0.05822381043434543
1015457,11.695005411813886,0.20602011124359482,0.12112398954254704
1004029,13.711325876033664,0.2781471930310484,0.10690406978083442
1015905,13.100174953551438,0.16065561882616203,0.10398769504344721
1002313,13.302718978376301,0.08822117850992553,0.03748363756386635
1001118,12.91922100302745,0.1828138069802088,0.12964313529677873
1015225,12.126084607323437,0.29058309630021684,0.115559297640145
1004269,13.23195874866944,0.16016486979855488,0.1303268763435186
1004652,13.296006196501104,0.11116535752210338,0.04526873204000368
1011721,13.496364174655378,0.21609347256573208,0.12403012153974083
1014205,13.391163489499768,0.13747739735175307,0.060626357911126735
1006397,11.824529746264863,0.3371952980192833,0.1011063051147702
1013284,13.453579649689743,0.16198602029827253,0.08713372807314755
1010571,13.304860114909793,0.047898394308607116,0.024240313590643995
1013118,12.70394753882293,0.15447956818448214,0.07266932727907614
1005321,13.074692895187608,0.15267709859916534,0.049741019143364
1017283,12.81941611041663,0.2828380735426063,0.13068718265073143
1003730,12.839747755045988,0.19330840165948113,0.06987653316352496
1013373,13.437069800297099,0.16127407678422112,0.07492474527038576
1014826,12.286953489140204,0.4587844492800692,0.2033951623066728
1001964,12.99313586713589,0.2123448659691127,0.06593962228528641
1017513,13.041380638931217,0.08915685427190102,0.03751267568449919
1004825,13.405857508621535,0.058029869219139045,0.005286351898414693
1011571,11.90235542332576,0.35671938213739307,0.09197883775109532
1005312,13.301070948610871,0.15645527529098688,0.04948626925564134
1017339,13.719018257978805,0.21894158731536814,0.07006306855485193
1013545,14.177875484467807,0.15703980338484028,0.08134535235238244
1008341,12.652401840688418,0.29488163590708905,0.11852458721966513
1010946,13.086951139304823,0.2047118806988927,0.14370185736586147
1005279,12.644275564346922,0.2708914693569955,0.14776445423082576
1012438,13.41073442575339,0.30109459419558954,0.05933236164796571
1008367,12.163078945985982,0.052808370771661534,0.018775257878757962
1003677,13.617129795045551,0.26151424146816904,0.1153670260857551
1017270,12.871631809177826,0.08533781645547786,0.054062644684318734
1007968,13.192464427475983,0.07547849362799099,0.04103664896587826
1016430,12.979223308566857,0.1761354893868918,0.14020475093519202
1010536,13.200601983705951,0.13765911160862315,0.06667702877531209
1000799,13.120780082463568,0.26632837470935644,0.07336103572238499
1017565,13.195897262435155,0.05081195093929418,0.041974192355720925
1010841,13.491935554844474,0.19670503641997839,0.06056738065191651
1003916,12.663617767066016,0.15358025223716498,0.07057392323773093
1015750,13.602218592954623,0.14501204026241873,0.09363629086802937
1012282,11.629190394433714,0.23715282039804284,0.11073745750845705
1010099,13.741094665291527,0.1278062899534848,0.05392416755780395
1000204,13.626886557681175,0.10899364356390598,0.053862070201227435
1008280,13.08301613935868,0.39310060744662695,0.16436057601326728
1015815,13.402510589891797,0.0692188966052257,0.037901211466212434
1017276,13.38921267179019,0.09813139128896388,0.028258053517597848
1003427,13.028893373380503,0.10501033476382739,0.02868790734919472
1004944,12.81498665694607,0.09022328511909401,0.04640731692219297
1004954,14.03072458013376,0.4024288906013379,0.07526780043848057
1015653,12.656207994819482,0.3225641623906484,0.19113397661450043
1002329,12.689505028426696,0.11692597874512613,0.06821670755337086
1014065,13.488944730644024,0.11372736429586712,0.077528798445343
1017302,12.492523833746489,0.3207672387520928,0.08234151595646455
1015966,11.900999834708728,0.13764014735858132,0.051222024685161606
1006566,13.219007192249233,0.08777643380700545,0.07571121745574018
1005631,13.097702568037276,0.09076533097997218,0.014810751991743854
1007783,13.516400898483406,0.13308964945808655,0.15898118768391892
1004947,13.629871305650692,0.25490185243491237,0.09071519907396793
1016380,11.925121993053914,0.17027600325856865,0.08035908553782549
1004539,13.558873755723816,0.15218857951434336,0.05520488751248801
1002631,13.131739784158205,0.21646758526195947,0.1979760288258013
1012372,12.971731094409032,0.17837395765678588,0.072819740032665
1002677,13.335595717285733,0.11424913080516567,0.10499948089463222
1009447,12.89244266342394,0.06475744094451294,0.03365953452800439
1014935,13.717392305894345,0.13938494276628036,0.08654159964410156
1006572,12.391513998407495,0.26417771462121237,0.15800404245728278
1011422,12.17300430017477,0.0951903779335071,0.08737310769914512
1015499,13.179803565935122,0.11747466693519079,0.05945138753310069
1009714,12.852068798279584,0.2195716431813114,0.06149967524980127
1005067,12.872112937844499,0.06514668428641707,0.0309739159731531
1008922,12.135702909743221,0.21909130380993935,0.06511645455437869
1003612,13.549623271726837,0.3156228210847722,0.18625996077698592
1011927,12.377933677693514,0.3821173707441861,0.17836020594811178
1004012,13.574710875302337,0.21980982543065108,0.10340165394311321
1015116,12.407447564319765,0.1276161398932101,0.11761349151896096
1001256,13.514458743260738,0.12377033130329262,0.04878270569932812
1012142,11.83812961385035,0.23544518992682192,0.10313307705974885
1016609,13.646923195954352,0.29623154943860386,0.09418218612949229
1012076,13.069974652880168,0.2339987794778981,0.09168248933663439
1015781,13.004808848161517,0.17767711592279117,0.11674112186725298
1003516,12.426696714219476,0.13395605044412023,0.04963925571623798
1014392,11.96704767178798,0.3048499285689775,0.10414142105394447
1008659,12.274617739913696,0.09177462272991112,0.05404211346169049
1004476,13.334003287254857,0.47885178805814343,0.1040053685451881
1012738,13.074412665885612,0.18948893695864574,0.061883914300527525
1002189,13.686371387219035,0.07909008827628954,0.08339184688093841
1012801,12.87856647781961,0.3228219498007265,0.13311805529451132
1012600,12.855694875367575,0.15374570570971058,0.06011345214162449
1016798,12.721341528753669,0.2562592663191226,0.05724225424798116
1010019,12.57710987064803,0.1901020610078562,0.13557819011852448
1005374,13.486076842863588,0.2929934419009971,0.14407690546689503
1014335,12.533218814364734,0.17226173477823142,0.09523563557423699
1006048,13.312677328595298,0.18818420608265943,0.08717477949205665
1002704,11.84474909921695,0.5174610956671921,0.287465552274512
1001287,12.321973336230727,0.3047146522638317,0.09016817810605457
1009459,13.618989752708671,0.1077096870091236,0.05187541474652259
1011622,12.53836853234248,0.2355116967874133,0.060198230929922616
1002354,13.765820824593256,0.1659698295522409,0.05157858550975626
1011637,12.321737026440106,0.21950940844098643,0.06654710270738982
1003708,13.4773637256118,0.2880744840441228,0.15151111505310377
1007500,12.431145715722243,0.1679124471509597,0.049973743397428286
1002536,12.24579390306095,0.3044917505682915,0.1795146417172833
1011784,12.967518596693218,0.157570059725383,0.08739766992473207
1016165,12.887754688044362,0.21571143634814074,0.0785994317581089
1012160,11.89040877789152,0.2251189217281516,0.11972802800600482
1017355,13.004953547189183,0.07364437995520556,0.04051922351281197
1014987,13.179980040816616,0.14265623369228686,0.0763456081558463
1005739,12.867194473607466,0.24410591242675422,0.13653776948024632
1005569,12.340027402852503,0.24846941224862826,0.04923574264917059
1010302,13.010290378974732,0.18119556553795235,0.08712643205585661
1004517,12.607680740865632,0.2923991553481684,0.13774799833046847
1000050,13.396341381671222,0.13755030860605127,0.05396331848334345
1003545,12.854691722882457,0.24469284043007894,0.10057655769020368
1014558,12.78982049880514,0.19608246423886713,0.06600742010380156
1000565,12.524800623796786,0.3351460074574725,0.15192181614339814
1014757,13.29198055948354,0.21264340977155502,0.10369915874916358
1008245,14.008676335510602,0.22263506387393378,0.09687187633103554
1015423,12.182256543217003,0.12377379343219809,0.05852036855359281
1002026,13.33181023124556,0.22115657918977605,0.07338779262993408
1001523,11.660863706216658,0.2531878782658663,0.1168970974422971
1000904,13.561532312520942,0.2236257553587798,0.057987335345774806
1011520,11.50372134160076,0.15807820259540367,0.02848039295128524
1003972,13.765448594797617,0.09718560640846868,0.07876601736022565
1004887,12.960496879413691,0.27958206733333213,0.14322148694818362
1008657,11.570074868193174,0.3803818243620539,0.10958548744022653
1013009,12.485097317072237,0.24433582106477575,0.17742691625937687
1001730,12.115350107423012,0.41095842607303334,0.11103220418468783
1009659,13.329550702578858,0.1696927396080194,0.07690446131855219
1006100,12.815381763478856,0.14023730428468106,0.07236446898931972
1005054,12.159315517710583,0.31958628676152573,0.16834680954037126
1004315,13.069271783361788,0.2019310258771961,0.061824907114960144
1012265,11.714873280292302,0.09818589543226314,0.0193378764679511
1007893,13.050991549379514,0.20364565136554422,0.10082707177387831
1004731,12.953401410632864,0.37573799456325296,0.1564327492926493
1011630,12.333932687267327,0.16449462911757615,0.05175165699177689
1014509,12.950110651979594,0.16718965175968423,0.051793183040919406
1003076,12.868826110748655,0.1250191373681786,0.12628859408947748
1005194,12.187215767120998,0.17809379967660277,0.06710032708651412
1012863,13.654272322612135,0.4265525541887554,0.14782048437708534
1014268,13.281425304793174,0.12740323791488795,0.054814758028796234
1010552,12.133824374180909,0.22172221313250753,0.054656622038332214
1017240,13.50534909437994,0.3029752152576526,0.08341171372642545
1007255,12.887475053306249,0.2265864782053364,0.10407934473985937
1012644,13.083385137375485,0.12875076018915194,0.09353344862816623
1000436,12.855155286545482,0.2228014808001072,0.0700958635438381
1003310,13.753686397413393,0.1756944806013559,0.07481465895133728
1003735,13.0300311018096,0.10879955232604666,0.04432807888798427
1006104,12.682164055420829,0.09197857123009852,0.03965308451106322
1015760,13.059179175685856,0.22244068117789528,0.12797146243745372
1013395,12.560674953047894,0.3903277337161423,0.19865596516487424
1015951,12.280983313836677,0.04142070792886185,0.018084117493311
1001779,13.737224154342194,0.13632327188218615,0.06455035038411876
1002804,11.97388918192264,0.19250549429197214,0.034595627867839554
1013569,13.210528113610854,0.1209694005269947,0.05992013818207481
1001215,13.476491067554285,0.05214160183187776,0.04155098803072151
1003690,13.103748977869774,0.12464448960830177,0.04795920525506281
1002699,12.611508886359005,0.25284776788153135,0.179654164776855
1011430,13.443950665103623,0.17217739528474194,0.04615022662987573
1008740,13.601727260465712,0.36537263757732424,0.09744987095381757
1009591,13.373866437320236,0.21906035470454918,0.10444384095914899
1012188,13.391017997369138,0.19248832951855277,0.13428451140537354
1011194,13.448656726396102,0.14795595005640239,0.1165993273861146
1006682,12.86953361808169,0.09880166380767322,0.037677939971930856
1006344,12.571126643584535,0.29839625459606794,0.10441075471186802
1008734,12.847208800522774,0.3137118627781767,0.0913527550939224
1008092,11.921741839429261,0.20404597689750303,0.10941041428206377
1015702,13.179679146718764,0.20443814134154492,0.08802025652383029
1012776,12.122876106392482,0.1941139604003341,0.0697759161471081
1000791,12.718045399212134,0.1337007331876158,0.06733820809413835
1007370,13.150410927998424,0.3097743265685282,0.12482487924713771
1007775,12.9242572501842,0.1660732285048861,0.08695002651507804
1009134,14.04347873250657,0.08254932552015191,0.030335265719834203
1004236,13.487480262007782,0.275564440713441,0.1393171118991133
1003171,12.511281303738832,0.2962806409214401,0.08696337004303754
1008642,13.406117350717485,0.10792008277207621,0.10402316788969107
1008896,12.465080111726623,0.21843333982288582,0.12144471310265141
1006590,12.72749837442457,0.1529065836332788,0.08022315209876384
1008438,12.842314742819674,0.1638431885321729,0.1423358865320056
1005748,11.826534657096941,0.1622939704499161,0.09991645867490638
1006762,13.035798027370838,0.14878677632660248,0.1340379971409941
1001558,13.071155523600963,0.15655963298705602,0.09259389307236847
1000369,12.33941502815947,0.21025988600508833,0.07431484168019621
1008872,13.298205247192124,0.09516269788451133,0.05591533440750294
1007969,12.592153241130104,0.2883089264021497,0.08640955333398981
1016419,13.171791463815168,0.4113122166044868,0.26138045330165505
1006600,12.865203235029478,0.16367114733643984,0.06327385028402382
1001858,13.718320447215566,0.24649540476986725,0.10129549259810225
1005654,13.082307141717017,0.2166424699783285,0.06790967615065265
1000208,13.594641239570997,0.15468767577813922,0.09439332266862245
1014615,13.807346142663278,0.3069687292490862,0.21017826746353077
1007927,13.156130155135713,0.12403064493497849,0.06004426229476292
1006405,12.640357045961904,0.2178436677980024,0.11508811295596952
1010889,12.222605398558075,0.15446238785000957,0.11976475809305495
1014926,12.742250004241143,0.16870087104465603,0.042044042066599716
1001541,13.10423362462617,0.4444698071887989,0.23952385169422016
1011410,12.516685731589934,0.13644653374863946,0.13751424655547625
1007375,13.131821785512477,0.08831837708657689,0.03830037610766627
1006799,13.87832299118377,0.11867770376992415,0.11683257064503842
1009949,13.996193038851178,0.11166087269222834,0.04252030302557211
1003951,13.420804339058973,0.18613001040177,0.09268727717271234
1015501,12.887265215269505,0.10660366693183632,0.10226194598053004
1002974,12.305781450362801,0.14701935448008988,0.03150353276644386
1010551,13.865015764088396,0.12750971303563524,0.052316140547993654
1002091,13.367964783817403,0.3064332294253652,0.09291603640019731
1006267,12.637835776477154,0.08884775632042943,0.05393495394941475
1009328,13.731679360429325,0.21134914234541782,0.07399672569650374
1000089,14.035048996265594,0.0966848726427965,0.08988236767274994
1004763,13.441141472459831,0.10445903590441848,0.04763198385492412
1011152,12.742946432061995,0.20340635754710532,0.09558550106625052
1016686,12.630733855036654,0.12764447082142794,0.042910196892785975
1008620,12.377326156903562,0.40715567460786145,0.08773122793363423
1005007,13.05018482229271,0.2996787082925475,0.09511998117203825
1005303,12.92145607332805,0.2195469122365607,0.1132611689522731
1008943,13.191353778108876,0.14877385935383663,0.07713929715064352
1015798,12.908692784797545,0.3543084483609756,0.08509688884174557
1014211,13.170458340436852,0.048363786926644524,0.017353332777133672
1017035,14.0989603013936,0.11988814168774989,0.0703841429835317
1005069,12.925171656005354,0.26843995587216574,0.08871476648484883
1003154,11.597793553068309,0.37039473769339515,0.15644611066564465
1011803,11.739098452763487,0.2403838302250477,0.0932074194514643
1016351,13.179640204137,0.14630266148579632,0.0724555850002949
1016781,12.530156376414855,0.1913337227436008,0.1598874934838285
1010704,12.480332557630613,0.3484126019984361,0.16392524226496497
1015104,13.82143802266682,0.19649911997101854,0.12507456959290228
1004577,12.635654589261694,0.04271516397064234,0.08686403653123768
1006000,14.165044152576272,0.07931554280261285,0.05936411734424908
1011613,11.520364698802846,0.16936689613091704,0.10270173333432138
1006873,12.49392982212944,0.26636357500724417,0.11254423047747013
1011235,14.003332486677607,0.15929681548486152,0.04173765676644108
1000045,12.291804010305519,0.13736126960425912,0.05115071109956568
1013858,13.381235775105523,0.03204860335490815,0.011863573962942317
1000803,12.29728436165671,0.09377559991882986,0.04788508718156737
1000081,13.68446031339135,0.2482461378826196,0.1523813553856525
1009584,12.281123980093287,0.17015756261234025,0.10637139092711616
1013814,13.294007482941659,0.19967119958045582,0.053635567404059774
1011259,13.563585446021253,0.11637859713835859,0.018489789306228036
1010144,13.495686352536957,0.20231893744708046,0.0975498985344639
1003097,12.829082828148016,0.15749449304764576,0.0788472781933766
1009094,13.347795108191391,0.13600002044725762,0.063104620864506
1009420,13.672199079822471,0.2016103734098864,0.03363672188258543
1011489,14.066516899380428,0.06540585290197685,0.05982227133983036
1015813,11.977431809324791,0.18414631466043557,0.05197885749134379
1001446,12.190835779320457,0.26989702254622205,0.14250680985553826
1014028,13.217624347345833,0.16989533071829813,0.07568578966509848
1001560,13.33260116923884,0.035300814978766866,0.021938086503242887
1003010,13.290342567601282,0.09297933065653413,0.026456807275375794
1007247,13.058253056224315,0.08013707354093685,0.05225962735011565
1014961,13.524317044879803,0.0934471266715483,0.11160475806231061
1012524,13.06251884134059,0.10779488905012338,0.09284355143683995
1015060,12.225399878373375,0.16417246033389155,0.04987684016014802
1005281,13.149472717241208,0.1279538332206432,0.06436793838410898
1000330,12.710130152398932,0.4540940879036896,0.20855465459734465
1010749,13.99539418769637,0.1140144178125017,0.03506244721818834
1017482,13.960863602559472,0.2715839793623739,0.096414628724128
1006937,12.99350610540253,0.15038416445420114,0.06619813865011663
1004623,14.052685825826936,0.27502063032896956,0.08461393687436157
1008442,12.386814113648631,0.3315699730358707,0.0767624960027091
1000977,13.586548440180387,0.2049342635736515,0.15911656026329501
1010927,11.479854271367302,0.2587144513693805,0.1295662770607441
1004660,13.087772130992429,0.10270939871670734,0.07858758413856529
1015686,13.310207608315553,0.10780373673531074,0.04598202633094057
1012474,12.741077274582745,0.30247091285161953,0.15080179903789945
1004779,13.002529290540027,0.07798312695518247,0.05721202911665202
1017121,13.964670602185771,0.18553500982078125,0.050976448005149014
1003988,13.379263547925893,0.10653097454517364,0.12151661729835178
1012620,12.675519033260523,0.1329040852943727,0.1047389059226762
1015188,12.25975627225374,0.19387068817590813,0.07322520580841198
1004051,12.09330953164614,0.28025107720314274,0.1053382668362761
1015744,13.362125893514554,0.12652092968892917,0.0760761225212942
1012872,12.150695329290642,0.09977569968752423,0.03542434174308498
1016976,13.403471403549178,0.037245061105348164,0.04747996565832545
1000616,11.8401555096004,0.26944895571411204,0.06956682173812767
1012185,13.63862613212089,0.22611150310276223,0.13285069062619284
1013010,14.042596695115938,0.0943028044181239,0.04659141031057221
1005645,12.998880783334533,0.054289237330336665,0.035021513105016014
1006951,12.095094882449116,0.32658435217618004,0.1407492007289343
1009140,12.871364207118528,0.13926054958327594,0.06021496486926783
1016329,13.143343513734928,0.21149233602974965,0.059454622342998635
1014278,13.375103520807647,0.2425181590711145,0.14093071525484277
1010014,13.2174633105111,0.09676551010535006,0.03553154777325449
1003891,14.114195319096986,0.1111748859941847,0.08044180106058188
1006784,13.532055565840123,0.22653965124528797,0.07288809887878303
1014170,13.752350472343652,0.30532540766976235,0.09220802657126734
1014154,13.247857868878715,0.14033585463203166,0.07266950634996877
1012741,11.976315739551266,0.30438616147413655,0.1229839465947736
1006225,13.130764850613986,0.17051309368825662,0.08854339887639309
1015172,12.48749884273422,0.2656569525388257,0.08092018844389363
1005314,13.743551579775348,0.13308806568356257,0.05749172148984741
1013174,13.156070224449858,0.03929892700576758,0.04447103024072908
1000827,13.495423510477345,0.11545873474742586,0.04127806400376217
1002544,12.852810013302728,0.12243026325468452,0.01808336315188182
1017132,12.806539918995526,0.38596853461508257,0.21613601094947518
1003684,13.374746210237506,0.27773526464187437,0.11139249153610159
1014015,13.604252086375196,0.11922199704134374,0.09660048915535731
1001286,13.36741982445087,0.16684753099735736,0.17643899176116976
1007513,13.19232614362921,0.19529175345080296,0.06708283673607979
1007517,12.91871358953895,0.43189481155160264,0.13362511924830311
1015286,12.978787298053412,0.07518155493867701,0.0478199192368762
1005175,12.460275333096845,0.2504402250697456,0.13168598001096324
1010030,12.637996108440573,0.2445113002500425,0.11023790323763379
1003597,11.805523410030204,0.27471970695975023,0.12073102198236985
1010949,12.117721728484536,0.3034746335067891,0.11327184555221971
1000075,13.20814813482319,0.25241306457661616,0.07733017412539192
1015574,13.556912346954979,0.1289202404983325,0.03989993081205089
1016393,13.728315531841908,0.1645494852775012,0.03390560547872404
1014662,12.589904508459371,0.18201033791741406,0.09034141886318402
1007000,12.90564866324292,0.044450338886967276,0.006835423882865664
1011536,12.223892440922704,0.18437661852027604,0.08906536636784056
1016940,13.238073804951867,0.1405949464018998,0.05839327702239953
1000470,12.806702775939893,0.09723082292398459,0.05429897425228891
1009556,13.224708326205779,0.27175674049404236,0.1064635088488409
1008229,12.784080453331713,0.13520031369970856,0.06392347549730674
1011906,13.536583245854553,0.06797545836854378,0.0832318849785536
1014875,13.079046157400251,0.06451304108896695,0.03149192606893431
1013962,13.176959475206258,0.17589125379325113,0.0898985054178268
1006764,12.846935114056253,0.09634117082347096,0.0711523750856036
1002451,13.982468853053758,0.13910541271146018,0.05612517116175757
1000811,13.985883389497559,0.048165927965259155,0.013797735027473458
1003439,12.592147671275685,0.19434250545829948,0.08225020967469973
1015932,12.09869279257741,0.31911376904009037,0.18741742835176048
1009132,13.22544219907281,0.23925119150056035,0.19553196626390074
1000832,12.677261867624008,0.2923008822166178,0.14487537249945484
1005455,12.923178221488943,0.23328368505601368,0.051271487982080366
1005906,12.686341738937317,0.23345130717844922,0.14238329993611912
1004067,12.6296621447588,0.21977095862407006,0.0886413935922567
1013915,14.122877038259457,0.3235507621912833,0.11173192462974219
1015700,13.897863581310473,0.10172743523941213,0.10446630784424339
1005073,13.209861745147222,0.21899534456950875,0.06929064269126041
1015170,13.205916129456227,0.11709192466149555,0.027702138401591074
1000553,13.63473684530819,0.1604482198561737,0.09178464171585421
1012978,12.86956451709822,0.1345553084681359,0.06314335950713902
1016814,13.508314478265387,0.2812847539919558,0.1011013389189529
1000285,12.221041424286737,0.20284503381451024,0.20230423387320876
1005928,13.656126615559108,0.16030392590008205,0.07792959501553123
1008695,13.246834691428065,0.1917985174252961,0.0825984081913587
1001320,12.497801577417784,0.1571791420598177,0.07330233806462781
1002611,13.013283912345585,0.12727156994887442,0.0733589664653761
1017377,12.469953770189795,0.23383850608800388,0.19443787989027184
1010676,12.501055636989706,0.09465379832743168,0.03275039436973233
1004818,12.82479010545068,0.11916080014362254,0.05814021003707192
1007491,13.167063745837359,0.2549647633450456,0.09959803777300405
1012381,12.993253726629272,0.08330940577484781,0.07822445987349473
1000053,13.231820509098467,0.15780043262376156,0.0801392397674144
1004203,13.968784121697642,0.1282924505043116,0.1080038329938697
1011261,13.732000368068428,0.127989686342459,0.06149989159775843
1006651,12.460952240766659,0.15760810925551477,0.07326830954670656
1016481,12.950106432998203,0.33155717783695154,0.11347915164641682
1007171,13.198154888873766,0.11510854348867817,0.05775076974721443
1009603,12.98261716334613,0.2105341403672501,0.0754382024541127
1004606,13.090021835479325,0.2478835184946906,0.174925951041121
1007158,13.18074811723448,0.08652150440217707,0.09324685909954392
1014468,13.127710378989528,0.1217681696193366,0.051823135276421274
1012957,12.036431933336798,0.379975423964472,0.26255906579213095
1015264,12.507656912648693,0.12106583143981611,0.08668777244526936
1016807,13.208165504553568,0.14772843336431637,0.09665520384126604
1012503,13.669951016898164,0.26209694619088053,0.13755125840891547
1014514,11.444967163111691,0.15802835822037486,0.04739804739232563
1003271,13.178818958149833,0.29001942565760525,0.1402114864067977
1000735,12.961288972805525,0.08939681590330457,0.03878274086764089
1011493,12.332606995345122,0.27649182889668833,0.09475950794492767
1003319,13.710907638217677,0.14130441721501769,0.045464671937428744
1006796,12.876908551023627,0.16014910850945543,0.06865224154945643
1005671,11.788168055284158,0.3010722755214785,0.06436586484724152
1013571,13.505016315243989,0.34710085079849573,0.08678974652542386
1009475,13.394734695216451,0.0881251592585177,0.03913547423248776
1014530,13.150004264337879,0.18708122619255652,0.08685491462652825
1004979,13.507464731583767,0.12142996561131279,0.048445497671024684
1013632,13.271564322880847,0.14207554894658553,0.06188247314777058
1006478,12.297382405149904,0.2982855977896183,0.15837315493743204
1002412,13.172767877703533,0.19470971651866492,0.1039867603690283
1002857,13.173947532459382,0.11913915855181345,0.0734790145550158
1001846,12.659127900799314,0.0911221172787492,0.04708942954622513
1002809,13.34990265613047,0.08508212921019037,0.04548128963366047
1015289,12.792572274373617,0.10721068038730312,0.04705344930261131
1017138,12.328154931454677,0.16033029137573512,0.1445908814002456
1008473,12.94000489101394,0.29369991811427115,0.14777873651622553
1008766,12.140310077630838,0.08356866231247409,0.08592528426844144
1010428,13.03515813566203,0.24801024759101076,0.19922037391205824
1006041,13.084874766077009,0.29914172239547326,0.10737869500706909
1013670,13.412056259935795,0.2924858446986952,0.29324920191010273
1009010,12.794961198774297,0.12746739395965287,0.03812669173340645
1008107,13.893049953944889,0.10310634113996436,0.0631565234096634
1015571,13.04569672443709,0.1976973781728241,0.07162811001761628
1004626,12.200675844400818,0.36974917835127763,0.20714910353857438
1016765,13.344644105769653,0.13480827312889226,0.0645678054483862
1000778,12.640005656068862,0.4088593831007307,0.10224214408422143
1002710,13.077880589255683,0.21924293416425722,0.0941889035501011
1004538,12.061305030391113,0.20502150594568583,0.06587290234899387
1012427,12.703557276434776,0.23789443114491748,0.11386052630020897
1002838,12.843949260005772,0.14558516971586677,0.073769808163594
1012095,13.357093332064235,0.2735069667680775,0.10207658152217683
1002899,13.682793695288687,0.20944312244688754,0.10640692757782239
1014729,12.294752558390341,0.10692561489770369,0.07780546792716836
1007112,12.695293847513712,0.22536995634298895,0.10979272111170459
1015586,13.055588471867777,0.31739687464795274,0.06728877529270866
1005812,12.988295091094972,0.1751752253725888,0.14600007181331512
1011302,12.714954205164533,0.18361402724287312,0.06549788844388131
1010294,12.089704824046878,0.20635623551821516,0.07701488704070146
1009076,12.867971714847911,0.15559430235605062,0.06274215888275417
1014903,13.036282261301787,0.16106253793627698,0.19156106510153315
1000665,13.407194042806834,0.08058055791051033,0.03541426415235639
1006359,11.809308987946855,0.39961034082726543,0.1378426573373867
1003783,13.28966155250138,0.05637785189059779,0.0362396077732674
1004661,13.048820479797309,0.1367717067186386,0.09161300895658453
1003414,12.667596803646765,0.12710710237258507,0.07860087331189411
1010066,12.34022856826232,0.1884928118662575,0.05483528766484927
1006765,13.133320727830023,0.08825651723011518,0.0593112489107907
1008484,13.760406309946758,0.16922235105581768,0.06242686829277122
1004912,13.32344393326185,0.3073021459531513,0.09441847042133246
1010492,12.467936101092445,0.28004374675292004,0.12665141874947947
1001004,13.748768300724928,0.09387863692626146,0.03185404151059145
1015391,14.004530394479923,0.21116793342343917,0.06319821282366679
1003016,13.143765373973208,0.3020399143544088,0.09705267073320109
1008856,12.463776996546676,0.13970009645843343,0.06646977368077304
1003079,12.749518536287164,0.229867064394322,0.2080397040568644
1003458,12.449014618969448,0.23500202099212136,0.08698138164799284
1013388,12.370039684973131,0.25510693687103886,0.06785652459305158
1007581,12.910225952246684,0.24003890780302548,0.0740067647253134
1006862,12.799837716480873,0.29141561353689394,0.14169141144982297
1002506,13.343795085241211,0.073444677322474,0.03635174898265719
1013053,13.65152209530404,0.14683064489506298,0.04290340140409318
1010313,13.047050584780504,0.05055724155336985,0.03013326754425848
1016825,13.858027853662225,0.12506833965584,0.05364128456856628
1001557,14.001090208835747,0.1539140530565689,0.10300390992296238
1017168,13.04255631265115,0.31684248437935864,0.14745097913711164
1014724,12.855335670707248,0.12060276741062968,0.06636985669635632
1015963,13.364189797223084,0.10356393000612621,0.05625955262963856
1009157,12.82213173489587,0.14468399444330218,0.10438403107186679
1010141,11.752249312450074,0.3370045516587481,0.15445959113509083
1013312,11.5605681859687,0.1794490580564262,0.0896901533964028
1004468,12.941481210055647,0.08334589528223678,0.04644284884776028
1015841,12.912795156383895,0.05796257199588679,0.05688136520219466
1003207,13.36274598711556,0.31167201521467686,0.24324376310411308
1001206,12.352128898614522,0.24271684276856234,0.07800503848941893
1016517,13.006501214312323,0.29231152678298267,0.15057968961972243
1008823,13.156018330983661,0.06734665197742676,0.06485185426935015
1015266,13.111730446695208,0.4529414590918554,0.24051144664514054
1005218,12.608166174986536,0.24482368177597394,0.12391533970408139
1012307,13.795506953033657,0.24581482451792036,0.11189442213806675
1008691,11.987270610529507,0.32406753602864574,0.09944275414705456
1002037,12.231888492726604,0.3371510858263637,0.12324139626857349
1004272,12.889158567183722,0.11345041837752015,0.07277405748589966
1012104,12.987633331246734,0.08545878310703624,0.061325803316823586
1006581,13.016176823434188,0.17403871864480192,0.0715781773930955
1001950,13.640611924899043,0.15639330648654715,0.06928266449233202
1007152,13.063939221747363,0.17645713094289686,0.07383079635523304
1001525,13.723733627587501,0.1817004292350382,0.16271649081298245
1010941,12.70858451354843,0.17162027927695583,0.04135921271691609
1014327,12.821007309555489,0.10727156792418738,0.07109352582214097
1004689,11.759860374984347,0.23879643402776418,0.09301029783298227
1002496,12.514315724993859,0.2053588854616138,0.13866648661657877
1013276,12.517176694817502,0.15269978618802899,0.092784739020234
1005084,12.95399160220996,0.12812038303410642,0.08646859811145675
1011088,13.572248161260209,0.07797990074716458,0.08635564620560239
1010292,12.395730899515092,0.15552978191636568,0.12110531259175078
1015500,13.460787231281747,0.11619902009613324,0.08257357766754936
1005759,11.71057458436583,0.3933756134973746,0.19529978824685038
1010943,13.443104560572761,0.1574694241031396,0.08067713581990554
1004407,13.010495689136265,0.13032009265883468,0.074458524845543
1010732,13.201422499001616,0.06595470750341229,0.05224288604448872
1001777,13.938793939060893,0.19833981160154274,0.05397310282473603
1000513,13.20380573604047,0.1790545595522582,0.06025300666792891
1015354,12.312662191738033,0.3617226934749403,0.15349320322976623
1010220,13.230847310821469,0.15138080848270274,0.03213514986309335
1006084,14.033130152147018,0.09854410613669194,0.0523503996219276
1002564,12.798958577456823,0.20982678457112103,0.0796139735439123
1017136,12.888189395910443,0.09501006059225389,0.04836929194904411
1011239,12.94242353844931,0.09037285045582266,0.05667328877450411
1002472,13.107996713357311,0.21894596142447664,0.10824423437247506
1015659,13.426897551320224,0.061264227679052714,0.0397163496515013
1011329,12.876377654952634,0.16554635302038545,0.07777186239124395
1011377,12.180598618752105,0.32501136407165987,0.18014453519574655
1012901,13.37808004202696,0.08101882594152297,0.047627158071418
1016963,13.400021756291586,0.11678746608316287,0.060340492932780807
1009668,13.497642706097764,0.15864268274020463,0.045027437197049144
1013362,14.05004536258727,0.1295284292052507,0.10047684241257893
1014719,13.93432824104159,0.13290661308244583,0.07442365336518038
1007990,13.266426417079254,0.20637852578888824,0.08341475776304616
1006665,13.957635325401968,0.3395920456754592,0.12229426256777769
1014676,12.608480243207545,0.0821217913135672,0.03829492865756764
1007130,12.848382436815855,0.21150141758426155,0.0761434019408394
1011042,13.17858907231937,0.17470405945886822,0.09488226756633916
1001870,12.89253090191032,0.22700397910025497,0.12731536317238742
1009480,13.807679076309832,0.1795961451480253,0.09686637496674581
1003350,13.285888802899594,0.16511591304386064,0.1114832955835906
1010048,12.719515733910598,0.26365798292256554,0.11489476446169937
1006092,12.778863668498518,0.11039953867069655,0.10070687010690622
1012967,13.214771389829243,0.09170807273731547,0.06937380336449495
1003525,13.474374877074542,0.21416758740096814,0.06524512087119723
1011378,11.690731083455567,0.20206088715431783,0.06867650716023643
1000878,12.477431383982813,0.44096037695224255,0.1916449746150828
1001232,13.285829609321075,0.38392529300947636,0.2636105118327666
1011505,11.757979213514092,0.09180069172979222,0.06510765680118331
1015103,12.300834550747481,0.3654218865399974,0.1027501121402285
1012595,13.68984936722381,0.1530776552654868,0.08060782299037762
1012531,13.722599517163086,0.10632587977829305,0.06840920709753169
1002826,12.183774066479996,0.1599561654548115,0.07107178744857928
1006730,13.714280422313779,0.09636023450989302,0.0750658047066665
1000901,13.719803041741896,0.6652455167255389,0.13705869169623308
1007033,12.931779488449797,0.12040118460079974,0.08436359736167828
1005078,13.160389678182584,0.40999222205259217,0.07960071499635253
1014452,12.81522806165232,0.11255495128759466,0.035735954202496666
1011332,12.827764512560648,0.14057613495070653,0.06318260002996459
1012053,13.041366194792763,0.30403730976021154,0.208229631969188
1003175,12.233847309992106,0.41860660220167406,0.1990830796140602
1008404,13.057947472287303,0.09418959957744358,0.057262165931071835
1012374,12.905943783161595,0.2116612539228498,0.13791702806827316
1012617,13.777992897215201,0.3312097406308081,0.09428409575294243
1003847,12.590598445890969,0.25392259445522514,0.1261860661851614
1012462,13.661244531222799,0.11490825263307258,0.058194746891500435
1008267,13.23733334605351,0.19138180334556462,0.10996940631821864
1008431,12.138679503011485,0.24653571726881382,0.10849546073703151
1009630,13.104756217826598,0.25622842241200844,0.08389383940633785
1010429,13.345148864604637,0.05853492666649779,0.07185684541733374
1014248,13.682926698390167,0.2790120964732672,0.10862278243499557
1001263,13.419907960634708,0.19039107527436383,0.09120653728811103
1010049,11.508223883599612,0.216716831930783,0.0844979555611502
1004017,13.13029407677802,0.08943875496710704,0.004198803216126376
1012862,12.32837851953533,0.14053601726637033,0.04662176163094905
1002095,13.631184960137126,0.3230316807929803,0.16126747552477122
1006626,13.056340621262954,0.15778840284885437,0.11037110030260888
1008323,13.753955095843391,0.26403809613086665,0.06857788747412134
1001614,12.838139441043575,0.22621212155574502,0.1345853514518652
1005485,13.599770806420791,0.1934911732461652,0.07179165077267216
1013794,13.201522327259644,0.13950945760245717,0.026975043716477708
1004551,13.11203955873454,0.11512811420620606,0.07786977623937742
1015610,13.313770281089484,0.11950653414787901,0.11845414722667007
1008257,12.646383414121383,0.16412273458484208,0.06851711079618761
1014415,11.632979186489445,0.4536271437175173,0.11638999920969388
1011163,13.16449870310859,0.08623167058544201,0.024266309138416212
1002118,13.083431012022563,0.11017789809966357,0.1205330674052807
1007794,13.156386222006475,0.20123795565496833,0.08072499293614747
1015903,13.128025358994888,0.0871179013855491,0.05310787554986462
1007202,13.891815775849063,0.2195827278647238,0.12064382689931533
1001431,13.230228511614737,0.05674027141657582,0.052590789908284086
1014295,12.628249099285107,0.26685855502298844,0.12170423789305168
1014192,13.383359640657616,0.10065197288407243,0.06592988913536497
1015061,12.960945789374383,0.07798853151180105,0.05516396809642758
1010053,13.346892176808632,0.14490125847470472,0.0711433227221317
1003694,12.71653568470878,0.2175886689965192,0.12364190237007604
1017012,13.126780579064311,0.28683259910944353,0.10274867720179585
1007752,13.083193604521307,0.14203598945704216,0.0773450589803344
1000304,12.03625546843656,0.23950280171873295,0.06979095659210473
1005653,12.712756718395797,0.19531602119774916,0.07541114687832881
1010577,13.23595492504594,0.16105940604397914,0.08269027512621616
1014911,12.504801164048757,0.21798928965110617,0.09941086584643993
1009763,13.202950907765363,0.11141133957727639,0.0694119208127721
1000259,13.406967917335791,0.053697533447555616,0.04108673020255266
1001894,13.927365855588166,0.10854401252401016,0.08007827269268372
1003226,12.36437775915671,0.30324328013034435,0.16695662353597845
1016719,12.061441133469465,0.21766821958685414,0.050955978077209835
1006343,12.773626869589776,0.0842582495691242,0.05763476471299148
1005383,13.011026432514665,0.305588911229906,0.11446338573548857
1016908,12.81715000919502,0.10520984076749541,0.09354396873737864
1004851,12.163931010187447,0.10064620384641018,0.020868864728465348
1008591,12.793407409225885,0.2851658114891042,0.12960485383507878
1003820,13.738581152156762,0.19352538880436973,0.0625376536193351
1010501,12.89136831898855,0.16472838722996114,0.09269533056650782
1011617,12.691522291822011,0.3882597905542197,0.27099416006191157
1004846,13.538879243827012,0.1833984343373072,0.08623229853390517
1009339,13.503350779578916,0.09605486248644365,0.04331862070762935
1011279,12.491236705605191,0.2811437327038407,0.10898566080543906
1006240,13.180615488951377,0.3556958211926366,0.12199379370405924
1017034,13.643635844613309,0.13873179630385699,0.08482965679364188
1005060,12.896739587466469,0.06005218629753881,0.019200799368582197
1013301,13.396537925706474,0.31778910612915057,0.12212090342571699
1016663,12.94392066171856,0.13701167563011682,0.04356074753216555
1008578,12.923145324208882,0.4557984138612289,0.15919274916526302
1004162,13.01878877470135,0.10674203570583374,0.06914293029021615
1006921,13.138770962153036,0.07482390309489634,0.05327191949505954
1013744,13.168993797079507,0.23890498261083387,0.05282413337124775
1016477,13.638710232116381,0.17457339308926925,0.0792453276980435
1007162,12.711555356498813,0.43109576905271085,0.11093845646700157
1005775,12.534121506761771,0.1919653545685057,0.06504855302168225
1015748,12.990402512325483,0.17683582572707957,0.10506999005558809
1011938,13.159094887277977,0.3082150112869464,0.09252962886347091
1000034,14.028229311018144,0.13125152502949156,0.05773758465790588
1015017,13.550252553012873,0.11749563896235979,0.07873619451284024
1016694,13.299381325550828,0.120069063113721,0.09836465185629636
1015600,14.026097646488674,0.09104848766979227,0.06627683737358622
1006852,13.38736523341674,0.23407775329622854,0.14061915025749994
1006327,12.864731606527073,0.1204904440562506,0.054948975973658394
1015243,13.00518632180001,0.12490933589005583,0.06175195405195561
1004605,12.871458616564334,0.4101083970756903,0.15212048675003553
1009359,13.659902299369682,0.2269618991823757,0.1592186507678727
1013018,13.05152426417808,0.09255712095298484,0.06784929549045657
1008370,13.529868911043522,0.18066489149017767,0.0604189169223227
1015399,13.78955132993241,0.14030824418982735,0.05917454169719587
1004457,12.62437505726491,0.17885030916305447,0.09227315200546013
1013939,13.589784249738365,0.20294055762006594,0.0827591726601745
1001552,13.030567382533599,0.23714165505197135,0.17093626457189656
1004537,13.349656270399818,0.3109830039316667,0.21362609800050122
1007874,13.143135479052216,0.2515874955393812,0.10393923084246715
1002105,14.039233916024722,0.14729268205492888,0.07657968218119413
1010568,14.07945398905108,0.23181006021905975,0.07801245835255004
1008213,12.971736474537268,0.13032950397899376,0.09398490969605229
1010117,13.593846712173615,0.09666218538150054,0.036567436889563286
1000654,13.84157821453927,0.25213966656945735,0.10355301762270312
1003053,11.95653129116439,0.5339041726380437,0.21041031406731214
1005536,13.241527010054355,0.056328456928166244,0.03575618164787403
1015998,12.514647047102114,0.23825598541611506,0.08075670739949457
1017032,13.384075909187661,0.1481480007834096,0.10154589885352829
1011749,13.141062409850853,0.10235536385527053,0.07704144235180671
1007641,13.309333813414424,0.13700563211351677,0.09762409345062494
1005113,13.611936487736347,0.12692595612167398,0.12814752582779312
1005563,12.811999970339402,0.08025929386151497,0.021217219058387634
1015855,12.825961903468032,0.31604938607005706,0.08223231645880105
1001272,13.269562502545604,0.18137099881423482,0.05282798775441852
1001788,12.508281694162264,0.11211661490891181,0.022547897879710045
1012274,13.223637973402912,0.24582051595328025,0.12919106173845749
1010034,13.778107422598312,0.1500937555346772,0.058804724228594556
1005047,12.541217566682418,0.07843468283538078,0.02852164468877524
1007300,12.217633904722234,0.1469203297509335,0.10033557373020495
1002488,12.144241121029147,0.4087644456455919,0.41582979379787477
1015513,14.249044124439457,0.26541819793226573,0.10000487059268812
1015178,13.618535983444815,0.09786566013737066,0.04949774749518947
1006521,13.066021094505805,0.2844319186034994,0.08689767652831498
1003295,12.690613357042048,0.1141479400049328,0.012291104442091125
1016272,12.873810174931748,0.09701856101731345,0.043171103160872436
1006303,12.891396309799097,0.2797019107738366,0.11494299877527564
1004473,13.037976638943467,0.19918066528741415,0.18508976878065503
1011935,12.358464091792023,0.3004329727518207,0.1340311373439979
1007564,12.944395750872351,0.28402145031726966,0.1779533224904594
1013360,12.933876446360209,0.10640999301396553,0.04160144293787131
1000275,13.009953243135698,0.06055212534808585,0.0345248578500434
1000774,13.138925857127214,0.14560120256374,0.06334326555172863
1011568,13.141009516781965,0.14354814333865873,0.07689348832808714
1006865,12.545730536002159,0.12373185868916324,0.061773162334318676
1000771,12.080379111101308,0.3275567611656923,0.10226369206393306
1007608,13.361772867596803,0.13884377654404886,0.0591482574290881
1000704,13.66372180184704,0.3089636089688208,0.08963548423824573
1013792,13.562111988104238,0.27842668140091675,0.09615069700987619
1009401,13.181527614652785,0.22651460658695263,0.07974132671686476
1008129,12.836857914075647,0.1347017788458346,0.041775048776962885
1016364,12.94344067281682,0.2750844911109874,0.1181808921881758
1014408,13.536223947581732,0.07971861600500485,0.04977509044387918
1001257,12.820018155855577,0.09134717174277038,0.07632946899942666
1004728,11.378333886048836,0.12933519864487086,0.05513198810788153
1008176,12.37489576452157,0.22278362275223498,0.11677858215187611
1015258,12.733693869260541,0.11767405504647567,0.060379996611951564
1010537,12.768401479640017,0.3128097044912353,0.08227881210696958
1001423,12.278763385731546,0.23685149962569677,0.1492110763595318
1010667,12.80040122061883,0.28895598866212663,0.11501270895917017
1003674,12.770301167791098,0.42543710842984045,0.2098688767113082
1014068,13.125035643644033,0.18953917387389602,0.04291002090117222
1014535,13.084558045892168,0.138981018417639,0.09301302134210712
1012790,13.07926712057642,0.1500856412571704,0.06142006763250473
1000224,13.221482224113844,0.043499198787128816,0.043445420170896185
1011697,13.01091321780575,0.11597647792709537,0.09731579718036068
1000321,12.270771790509864,0.11879027588461281,0.07863536978815365
1004126,13.149769986011888,0.07803615705020472,0.033402052569253764
1013201,11.829074389035382,0.3776011925897784,0.14927472872875286
1014513,13.82845934239756,0.07458432204765086,0.040774852371321196
1005143,12.8083236017286,0.08293510444276304,0.03627856157571352
1000800,13.373539149291927,0.18113560179834,0.12156389217303419
1002394,13.441245157244454,0.1746677288937207,0.13231436193693286
1002499,13.081009380531485,0.11403791310619923,0.04975334447759079
1005658,13.808150938002488,0.2547506396181366,0.07756681242500892
1006634,12.230534885403934,0.20535151392472567,0.10484707081537006
1003061,13.417446747958087,0.04090429662746946,0.02357050438139371
1003530,12.836862595876008,0.06297787779278531,0.04801551246781284
1004328,13.620874444889465,0.24095524725765352,0.10519040188541967
1014077,13.776546480405253,0.19517227909220364,0.05663497322775552
1014337,12.991284180121609,0.1561652324430697,0.07990845544292159
1004192,11.873162558655268,0.4803114251262995,0.3229399914991746
1011683,12.64064313060166,0.1849628650411795,0.05835366936255165
1006355,13.360430550165187,0.1882667369144893,0.052868458464814166
1016448,12.624737521033117,0.15738628618170392,0.08880772682220452
1008731,13.25498799217592,0.05432215587981111,0.01234300822342144
1006110,13.059175321691386,0.24484579843097853,0.1032632891504334
1011283,14.043064821838309,0.13614848191720613,0.07499187420651307
1014389,12.749923639302173,0.21087127718587073,0.056848952174243815
1013711,13.305943613477904,0.13546413672383995,0.0630738752518555
1017128,13.517358889470694,0.20073233967769452,0.083681564708064
1006123,13.248668921493442,0.14793284450490155,0.07914861048366513
1013617,12.565722457149386,0.17782872605083824,0.0912129482790028
1008830,12.451017276593278,0.28576324060614144,0.1054138777596754
1013065,12.017874352970424,0.4019001345620054,0.2673287090212169
1005322,12.544579274865168,0.36071830138417094,0.14846203169422553
1005288,13.62358649503524,0.1929172749613384,0.06398766831848787
1011128,13.587253168940574,0.09909885467739511,0.06637847326347975
1007592,12.550614868208157,0.14097555677411808,0.042973919517064724
1006954,13.454097564722227,0.14041739125669228,0.13003125702668936
1005192,13.01361694081195,0.11491809160563787,0.10638545800981652
1002567,12.957543705846305,0.16164103410892108,0.028554043841585146
1002149,12.926653870644385,0.1694162031970495,0.04667455477868648
1000071,13.390840376988026,0.08237010143433543,0.04189658804672441
1000158,13.397207922338735,0.18238469709756902,0.055948636562314205
1011104,13.079423429340045,0.13568187262047823,0.08423076792973147
1007724,12.235647604693712,0.10377515925958312,0.05128676184056652
1007566,13.73516709757352,0.1271627925256708,0.09086140633577272
1003709,12.739418461634804,0.16489284435220783,0.056917363284693066
1013621,12.89932016034561,0.2736510711896123,0.12349066602467298
1009257,13.247853276199686,0.06140633920953104,0.02407056712007551
1011973,13.190060027160685,0.12962517776752772,0.04455691594596508
1000585,12.572811415392826,0.16173847167141966,0.05623574228642749
1001634,14.030489312333275,0.0652071517558747,0.0632243907614132
1007246,11.664617818571111,0.1970235278643652,0.06255739412342583
1010506,13.729144440537182,0.391258219104657,0.11122293965728121
1014437,13.410758028201037,0.29533325113025494,0.10662440173444812
1000798,13.466361962447548,0.22134234370241418,0.17313825377257458
1001622,13.40468441764058,0.08717796418640335,0.11292163131693005
1011203,12.178284765825646,0.28543187894540617,0.2104862106521774
1004883,13.079775589846342,0.049550428728881886,0.034061829252615757
1017343,12.426129405190046,0.25250039932940593,0.07633096578727934
1005938,12.774611006646566,0.09017278640745136,0.0853874214629606
1010993,12.810670847270604,0.28037412557796926,0.16847078872340643
1011282,13.000346187005311,0.10042391715770461,0.06102974474467951
1012758,13.001958663917453,0.28440521993649215,0.10976492971119753
1008546,12.342266704759345,0.3610211571425909,0.19982019782094307
1013039,13.416243613574613,0.14611182367280026,0.12059300144176899
1013425,13.487283099345836,0.07551907817425667,0.017686641565481526
1001007,13.359426533458887,0.08390691679691271,0.01987009052929439
1014151,12.496330813517723,0.36186548178474126,0.11581436814524078
1012193,12.679640630211217,0.3086753006190933,0.12413212817680584
1013731,13.290534613268868,0.27864254457606086,0.09674978513321705
1014467,13.195596131117657,0.1196478200050384,0.07888918096414364
1001427,12.387957196055218,0.2925474487891178,0.1402062054452717
1007460,13.1779773362048,0.3008257623770821,0.09735266805595769
1003212,13.238953109013217,0.20810868323572326,0.1642392806154467
1015658,12.846341329717896,0.2709356510598486,0.14215196497232976
1008773,12.543079311670354,0.18572294513873733,0.06117266615700131
1008458,12.44983556225278,0.26949247365626844,0.14311439035034285
1013359,12.599477858609188,0.27120432575929593,0.08789358508443867
1014507,12.435097824642519,0.6608849900548671,0.12462124950645104
1007904,13.923484303907353,0.1146077704627844,0.07018972995412526
1008364,13.307738224220467,0.12122880223899055,0.06790949723482441
1012232,12.90996236396525,0.08051218741652572,0.03395429362845861
1005199,13.114361877054582,0.15320757544911356,0.10607443880138528
1010655,13.996067629376002,0.45452924834856356,0.12702189421181537
1002664,13.608614015992247,0.18805927242948248,0.10450070669221159
1004084,13.258257866538946,0.07673953596988109,0.0361055364124988
1010844,12.668421267249556,0.28132087126754707,0.12148687755924117
1012905,13.392915931045916,0.1272366654132212,0.05387326433431798
1002427,11.52234578952877,0.2454199899771774,0.09940285398545995
1015481,13.388969187052757,0.10567400737113672,0.062357647093442346
1017497,11.902844619348429,0.1344638232669213,0.03590812489574881
1017010,13.954083607541188,0.17876068575353588,0.07398328828542491
1007336,13.842261531115758,0.1130111544272579,0.03127410440422945
1015664,12.766981703015562,0.10629038114341,0.055916677251854285
1008074,11.801538022951062,0.18274161306223893,0.09319901366025751
1005503,12.937936989217318,0.23140171620412833,0.09690395358628416
1010178,12.318839571977017,0.08606286109196574,0.05770418213589772
1016446,12.635484387544386,0.25020155781670683,0.23807324660395263
1001170,11.958014356564929,0.14678959032736547,0.03928606367436498
1001905,12.250252251320097,0.47988695560424216,0.2353715667337578
1001101,13.407639505566735,0.12385856821048673,0.0728180724706541
1009724,13.767634727729934,0.0990933625482264,0.06004921481520909
1000403,12.989115935162138,0.06589220351734236,0.041145577126630264
1006515,13.30279496419404,0.15128952396090925,0.11210826614874535
1017174,13.15228323715572,0.17011011612603746,0.09303541992747508
1016525,13.445209350177782,0.2862232512945759,0.14658171559663336
1016267,12.383489253613158,0.27964328157553303,0.10412360650185616
1016301,12.67832796129469,0.20332283635354373,0.09812176424514976
1001002,12.742226950812716,0.13672285121545275,0.09688884945519995
1015486,12.371673860745716,0.2389249243704739,0.1811076228350882
1009210,13.327053607663217,0.06619279830491746,0.05083063691379819
1006703,13.200792907328404,0.08281997991582606,0.02100782005239683
1006720,12.680729007721657,0.18586615870103512,0.04586885860181569
1016311,12.751090597477166,0.10758187869705774,0.06742101101141511
1004853,12.441836232629283,0.08564930306809622,0.03412613926800266
1003747,13.147251868195733,0.2876390302384825,0.1849273570134187
1004274,13.966808639466395,0.14105632378420668,0.06319876966414441
1000711,11.790841100899755,0.20758789466018898,0.09588096500935486
1007777,13.992096260014385,0.15673562243696246,0.07770643756203743
1015454,13.366130761588703,0.13847720905873312,0.04950698477289266
1011644,12.7422512809447,0.13220479284209657,0.10703093352672213
1001815,13.729213314124625,0.17798315124354616,0.0887703478130036
1003753,13.849787936564743,0.23305992072776135,0.08308589919791876
1015297,13.478115081231262,0.3351028698948078,0.09340066162768541
1004285,12.778183050539669,0.10911328330226794,0.037021710353676726
1010301,11.818186258694437,0.43651163291787576,0.14906050652348557
1015088,12.950721583479819,0.11572918934214384,0.07761665749193232
1007619,12.673342082754614,0.3884698392552563,0.21963531699089386
1011044,13.038432252190239,0.17799935857749025,0.10719900437792622
1009106,12.623594206294577,0.2851151063728276,0.2401936458324655
1005323,12.930340492955645,0.10388729044866628,0.06291774522946039
1015828,12.772919650756519,0.22598079500044002,0.11773316178702349
1005075,12.1110793924809,0.27838266139064777,0.12648878786169657
1000749,12.68529568203182,0.09882891204231924,0.05487556166525707
1005947,13.124259809068656,0.1279114709675221,0.03627185443501246
1002900,12.795913829212777,0.08843160603602475,0.05080344404409524
1012544,12.027988719660899,0.36781457499210285,0.3130040923505242
1009092,12.432968435943941,0.1894289743680805,0.06772613276745156
1006912,12.616226086662072,0.19796509193187367,0.13706615424112412
1012330,13.141893743599587,0.16600152923859687,0.10603167397500106
1011874,11.63457785205054,0.2393462775517099,0.07651758808444199
1005803,13.13713586822528,0.2041000037739906,0.07613450475354769
1012653,13.909817351282005,0.11078878207306142,0.07023646430406166
1000092,13.704846650922024,0.24736549959578533,0.1182010362290751
1011796,12.772906249993152,0.15094857017684818,0.045908533066788194
1014667,11.963810665964928,0.10934062435014917,0.02177407244855479
1012454,12.206019862164766,0.21909510084937883,0.1598980445118472
1001308,13.058337453057138,0.3527918787645242,0.09460397797407076
1000235,12.368998632462604,0.2912852237049201,0.18604416771486987
1013458,12.87755864997177,0.1002518189134887,0.028416709544266595
1008335,13.3947842713912,0.24306944108266448,0.07802483012943538
1002753,13.391793693946143,0.15729042419323086,0.05111486948343145
1009017,13.285195285439304,0.2681550648756851,0.10616320111579285
1006071,12.633333518677532,0.16908101651612015,0.0685915612976334
1004664,13.546003231968593,0.07913248484921385,0.07788700724133582
1010697,13.787947974241689,0.14236772308619092,0.06409780633777187
1006178,12.788107045539071,0.3776715573484373,0.10437374203738792
1012251,12.831527816171558,0.27888101983120095,0.1607217267497542
1013418,13.378171591855441,0.06943280190511167,0.054175321066286315
1008820,13.057324415599764,0.15225987824972012,0.137408810698561
1010653,12.900636311342824,0.12320861304212231,0.07529802137189281
1002086,13.071899583279484,0.22206248348621782,0.11737785820461226
1008930,12.09450800821052,0.15243449839781,0.06855323806254564
1000030,13.236971555676824,0.055084900652432586,0.022288243999312028
1017486,12.33837973394179,0.29471331789140554,0.1728375571561574
1008133,12.495402377673933,0.10269520660425512,0.08708956737192183
1004968,13.682336701734753,0.13764007218725918,0.04115504267554868
1007023,13.031339527841327,0.2615101045304078,0.248502385467613
1016334,13.98141380886195,0.22003234775649796,0.07775235343972385
1011787,13.987111701108793,0.09898601495182055,0.06751639601242229
1015934,13.188834779142061,0.08653739263927766,0.022915837261399178
1009549,13.218907254605082,0.22029962733009917,0.04158335260125339
1006914,13.735402475312473,0.14818938227953096,0.08299150078168209
1015825,12.534558174324292,0.2728013070984448,0.11245304151841747
1007312,13.36325835642256,0.22614859238899557,0.12943323598447293
1016720,12.699997554140815,0.2553618864239238,0.12085668456499658
1007872,12.185348596051535,0.29741803765076547,0.16079048714055225
1005163,13.166602353796593,0.16720920462910469,0.07313594517112257
1016698,14.075323636170351,0.21350633015695678,0.07201182631576902
1004841,13.251561876649708,0.16169206155545543,0.14701447283624625
1004839,12.867033812542948,0.18579525800599042,0.06378023756930384
1014917,14.122685325005525,0.16998734370042579,0.056821686187236674
1001571,13.070739785640733,0.06503153609431434,0.05413606728065124
1001259,13.10094062939448,0.17194136381335628,0.0851548137909801
1011351,13.444719033419645,0.09532434413839985,0.10798223545302123
1015127,13.553233310378788,0.30579872614542053,0.07798173946706156
1014888,12.943969848676016,0.1830712363563454,0.0753074201984292
1015285,13.113078237152706,0.319798169746262,0.1947816341216476
1002466,12.834921066347556,0.18932177878545425,0.04150684823603685
1012641,13.219348514885265,0.16813152128086833,0.051733464427151495
1010025,13.593057748466777,0.2456031577194009,0.20463290581664878
1007647,12.768500347474484,0.08760281938178491,0.1040448014127166
1007144,12.708357721699675,0.15080745519813724,0.06930713064784118
1016422,12.340451145969839,0.2388130224099253,0.15723584122412032
1015981,13.959001312942227,0.18860070105856871,0.04889661814689953
1002652,12.738092970543605,0.27095545607318355,0.08767631237469296
1001383,14.215973052478322,0.08761383607789627,0.06297212156480703
1008974,12.928792434379138,0.0751162992685185,0.016141921821467415
1008744,12.98343262462174,0.31655038482079045,0.06430742316107166
1007433,12.414318356012451,0.18924716973533273,0.06770093886772148
1012694,11.859230565212618,0.3044638504999376,0.1431732059176332
1011626,12.121479685458374,0.2698767862876717,0.10559417743316679
1009641,12.527983233863672,0.19261771200282013,0.10037714414230925
1009469,12.461728839411423,0.11382616931018755,0.03532649304203737
1017220,13.29404235100751,0.1378700044765007,0.09504337558694845
1001177,13.059595218120638,0.10958142674647312,0.050859791704364436
1013926,12.585505293469206,0.1671746715987549,0.07097156669997629
1006491,12.19947369136103,0.053903182210308924,0.02895603693862624
1013132,12.36045240351114,0.3855210272725941,0.14823798371348165
1015518,12.497458458296737,0.15129599365552612,0.10533030510263242
1007051,13.193063273521378,0.06041284978098052,0.06622537169633988
1007975,12.608684105898961,0.29342006375724394,0.09082591074881126
1016833,12.93378135808132,0.09631601716125383,0.04898905750542804
1001067,11.752994552329417,0.6653082300022998,0.2488062200341964
1000054,13.533805721024656,0.10456907632501086,0.03994502090461586
1000257,13.068102692375973,0.14793806125292827,0.05246594002881018
1002003,12.916868847402915,0.42036466737122974,0.28162095407710974
1003054,13.18176400755435,0.21054186623587015,0.16675945587667912
1006575,12.918044128215962,0.20663264132289855,0.0833264979795572
1004081,13.777835554683428,0.10537874335941941,0.14117334379891658
1004251,12.911544449906836,0.1677427529545568,0.06269911945811787
1013772,12.330225103091756,0.17006481155693665,0.10095745534672765
1012289,12.1856133915928,0.245544610182943,0.1955449564169035
1014831,14.095611348726004,0.15168641161311777,0.05002692784506781
1014844,12.607421902029586,0.3351995612052077,0.1262962261838999
1010817,12.616660663079038,0.22405751675584748,0.17128200561681442
1017218,13.245170243128923,0.15195534357652377,0.048753851678542626
1014325,12.442087009474742,0.41878090683109,0.1081272550141035
1000696,13.406603226647492,0.200493505411492,0.1420011712132567
1017460,13.975840260734984,0.18744381633214757,0.09052251838971966
1005862,13.790170870358999,0.13796049544699182,0.03561775964904586
1007310,13.711568413815543,0.18970484872101298,0.08563019073104178
1005470,13.57528625362462,0.12615504852186452,0.10652418692308177
1010853,13.787416657764393,0.19472351192176507,0.06401281202179858
1001229,13.272026732774451,0.2531271623867805,0.12068139034272105
1009765,12.981422929553428,0.2268624721165809,0.10435594371916848
1004875,13.086279195249395,0.11544550523953108,0.06539432509530334
1015598,13.583939404966609,0.12335999188269745,0.07095925170133584
1016985,12.28391290066317,0.1918725413893177,0.056152540251088824
1017516,13.045066325779018,0.12486615374207573,0.047015855446707645
1014286,12.036967461697888,0.24759487827429005,0.12662352497075544
1006230,13.065755026720202,0.08294794216821944,0.04297997257496569
1009314,11.602862202876805,0.1441489443384525,0.07293814596455307
1006154,13.215689447596162,0.17777918955858982,0.12477150542260403
1004431,13.6106471116071,0.06257020764248832,0.04352558540665601
1010636,13.728812707813582,0.17506279158495516,0.07645559907440552
1016305,13.542198570843311,0.17838945436779144,0.05671228327234393
1002443,12.690963161001626,0.2362046559388521,0.1179448945971477
1012514,13.566584157743026,0.34391978320675604,0.08642330816430449
1007822,13.154494866990587,0.07564625974234702,0.07017031526228484
1005070,13.880429809726538,0.21982264720253894,0.1002267887386897
1010247,13.520995740123695,0.08995650456538892,0.044595990933876464
1000805,13.142534106125604,0.12648323303267361,0.0503428270084335
1004802,12.905778294535123,0.14778722977767667,0.0764172451746599
1003279,12.745116733075491,0.28590157032713975,0.10682579356331201
1007058,13.86163713185677,0.3519604969910369,0.08394958874718099
1000583,13.243213342235258,0.667272657430105,0.15065721124227852
1004515,12.857280109605925,0.25722336931563056,0.13006301627621736
1005950,13.064224215721234,0.14638905003689692,0.07168177897677619
1011693,13.167834938913172,0.23946823643354515,0.09095189235121091
1010470,12.87800302182393,0.2157206891541941,0.15121510296728446
1002357,12.885224770907982,0.2085728943116598,0.20285203440258004
1006694,11.615250988327814,0.15611861723965648,0.07014401328315016
1002464,11.967232863654031,0.21083380613512806,0.07419962051023572
1007649,13.234308637418218,0.11750558843434233,0.14290589529933925
1005291,13.269101471981008,0.04058025398580371,0.00897829288485652
1011139,13.47816582675503,0.18803215082890687,0.10414598179947113
1012799,11.560045553583905,0.5202580530410145,0.2558380819579261
1011800,12.636203837752369,0.2778057583864259,0.09919904375672846
1010641,13.399652975878098,0.20573418514550518,0.053189101380493375
1006833,12.636376183354665,0.2051133175730104,0.06148515193816429
1016216,12.953853643037677,0.13684088868692212,0.11652929911490915
1009541,12.843164468962579,0.433882298272707,0.41318355864539524
1007415,13.120787113891518,0.2915953665231045,0.19474304462551825
1000265,13.506867757350893,0.13157887342169436,0.10383492870018
1001079,12.367803287288124,0.23789041262813898,0.11636267620856852
1003683,12.615891895946934,0.2902850059206537,0.06683423153736799
1010952,11.974297476454922,0.2811431295958386,0.1180498081100017
1012628,13.42624323604406,0.23226716448966012,0.06756826556833434
1004483,12.953337376689609,0.09448020625642166,0.03979181513279043
1015680,12.357991070138397,0.42305282436821423,0.19126004655991216
1014410,12.65174622250125,0.11949847881157592,0.06382380236694124
1007266,12.812497901320796,0.12222341193066105,0.05602287854547494
1003020,12.084026686651642,0.2595136544592647,0.10676515063119267
1005256,13.731594610283894,0.33015586242035455,0.1520139703001825
1009056,13.19347369895178,0.061623280647586993,0.00973159352597756
1006129,13.235477372020608,0.3336601751442915,0.07954679967041353
1003950,13.073738827879083,0.21628706339911913,0.18353061447461277
1006760,12.488865560660637,0.18822139032070534,0.09695569110589261
1008378,12.817161395020035,0.06720100053139015,0.04139672607549603
1006638,13.908293338134024,0.09674609911988045,0.03226893820973751
1001361,12.43166912083352,0.18969644672582767,0.06677944716248543
1014971,13.009494888031842,0.12349762497956826,0.10118254942356242
1003668,13.27552201066552,0.1701315563937683,0.07463650463560006
1014882,12.944175731845112,0.2527529583838562,0.1360578041021345
1001010,12.51440077801937,0.33699447621843354,0.11389359164462586
1005641,13.421703585918163,0.09414108971350207,0.039212737824384725
1012828,13.282545952253534,0.18256031014489943,0.07271389387894707
1009364,11.42161615880879,0.30024048061914627,0.09789443698597632
1007796,13.497936491918056,0.26809864879148104,0.15096086101918404
1017282,12.546192113249253,0.32931499862619024,0.13856860105089086
1005805,13.037532135429215,0.19743943092310315,0.13429898415101335
1002199,12.675472042439928,0.2490500945653118,0.06791049067285906
1017054,12.853047440078543,0.06869406918277253,0.06006699155473443
1008011,13.600022813860788,0.24812828648334168,0.13774646764035925
1008979,13.177950327383313,0.06583617404557304,0.018480578655876895
1004528,12.75506028180713,0.3699003859665846,0.1760294571248147
1002065,13.75802465441163,0.23677275491172234,0.05606933515143116
1011070,13.61552655629735,0.12543849006845081,0.07174835956463357
1006103,13.725269029002808,0.330099815948197,0.12354864195962108
1000556,12.975835215330296,0.41487182735628675,0.08256236047329334
1011425,12.292836616362765,0.25083414691107736,0.09152534562351876
1003339,11.902849245562402,0.3724085994744016,0.2565422063610637
1002614,12.537605477732527,0.13166134666110724,0.045438403946650587
1005898,13.289731506283236,0.18615808872616693,0.05406124885029084
1015074,13.158685249039095,0.1599567869948743,0.06811887549212198
1001699,12.867318493634496,0.05968607139588493,0.047555572181290695
1012587,12.4183826029693,0.07298205277041751,0.046181935490988195
1016129,12.578300169673716,0.22868826691851435,0.14108200796321713
1004667,12.26389779451281,0.1779828440477919,0.11318209743707394
1001325,12.592403549990115,0.22079654769672896,0.05172766233245104
1002213,13.323333979810217,0.08839272899623711,0.04581126299749095
1015834,13.29234329134667,0.2183970862263659,0.054309293704365054
1003496,13.000100466280424,0.11551747047786771,0.03331635340296263
1000865,13.607242971414395,0.12027498940571663,0.09159376193575618
1005405,12.85984253656244,0.1467093852426452,0.05759001316448389
1009397,13.222288335570916,0.3915227217969846,0.23532800305131313
1010042,13.432087344550595,0.20137914840965382,0.0835106180738065
1005273,13.10723586952167,0.24444142357216117,0.07325657557107856
1002056,13.74608933060185,0.33389556203982335,0.07459048697176675
1004210,13.199053825201382,0.19591999374392116,0.07615748475782744
1015520,12.586545570942208,0.23960519844640416,0.11503905968420006
1011888,12.888334771651804,0.08359245942138119,0.0337449175245981
1016151,13.089201097280911,0.07607115955365033,0.041510777835087914
1003396,13.226095686370115,0.21641223322634962,0.087676130804911
1016869,13.826257604713044,0.16367356292033192,0.058789555466269905
1003584,12.119946380688459,0.18954252787449036,0.07450712808104892
1004705,12.864845419803503,0.1704739767289991,0.1349237948370348
1008619,12.995091355766831,0.09255327489288144,0.056489190739391994
1011092,13.344820609510405,0.42150518259140535,0.11580460660383357
1003214,12.414869862883954,0.20349673125463733,0.08168030563177221
1001680,12.45110012695637,0.16468375319235745,0.0797103820254216
1004921,11.66501473875042,0.22004433639418425,0.07068932229928422
1011942,12.367296644722382,0.11336640608619102,0.04482791904034394
1015628,13.881480466782296,0.2665898899217182,0.06116677774489835
1000806,12.014225101387462,0.49120792439248784,0.11845007320558196
1012321,12.423947180848858,0.24012605076555998,0.12966030645174834
1003227,13.97016927101199,0.10335046066988025,0.08013643696906253
1015836,12.076124751959993,0.21612385192983075,0.056902222845407704
1004546,13.457130477786123,0.29164924378583734,0.15567834606634393
1013948,12.358329332347788,0.28327715370836537,0.15832874565646252
1008104,13.49923638171119,0.2621067316959267,0.09487761480277761
1003605,12.751304517892976,0.1615949846330733,0.035510144952695694
1001239,13.032630066224318,0.25145708673042205,0.11845799618850095
1012350,13.089981421951938,0.25909470438633325,0.0692649947668113
1004278,13.893807154856766,0.2377268561851548,0.14219550591625446
1000421,13.584398347919645,0.11803850539049505,0.05785812362209681
1003363,12.780999523907425,0.19501951311127205,0.06879562043829306
1004998,12.731628391261276,0.14524650007907597,0.037218192601431825
1013357,13.568784555261134,0.06455330595592144,0.017610998660300702
1000336,13.228517654383063,0.13516313263307062,0.06412874565147006
1013659,13.753163088466861,0.3020855227130033,0.06518721912025308
1014780,13.41085652651115,0.25085875294253623,0.10613612544338734
1014447,13.057757327790917,0.1075794255908905,0.037227827500394294
1002085,13.88385060779838,0.11112200441020986,0.043685896123844846
1015397,12.691848717694967,0.21626219916676562,0.11839875905265217
1016163,13.439352282189134,0.04470863179810783,0.017667814277340183
1006414,13.163102197040638,0.1501023519715937,0.06524267835818728
1003081,12.34550652723965,0.30080591756094893,0.15284031532012368
1012384,13.001034862646579,0.21038718948290647,0.14271484578161778
1011653,11.843759695491714,0.46490894852762366,0.2467650347577434
1014800,12.284991548442784,0.20289928884265307,0.09350030665943725
1007677,12.742364080155454,0.15489232942312328,0.09732715107710434
1010079,12.319274723505945,0.2183231632203931,0.12138442344665784
1006522,11.813048214907782,0.1692457894612107,0.08199200481933056
1010913,12.794629558277004,0.09587135874801606,0.025251320571002597
1004744,12.202704095984217,0.2149180772438559,0.08704639688408651
1015294,13.659241807660703,0.1178303555691799,0.07251814885168972
1008643,13.202170466747331,0.17516060431852232,0.12805713929698
1003634,13.34472821649031,0.06976188523187339,0.07315521373982216
1000955,13.408556727695727,0.22707109957923424,0.09198922869363883
1014098,12.002770485600898,0.13670554506693663,0.03875838910832331
1001091,12.555694861322028,0.2220415383065341,0.12335304179023075
1002843,13.097287741012051,0.13182332739404248,0.06993847610330352
1012149,11.674182910200448,0.21009324353456113,0.08332678614443055
1011394,13.436343998368026,0.04072230090678964,0.02384771388172782
1009107,12.845258089990594,0.25529564424616824,0.08665685770117053
1014313,13.109463884311166,0.10765335869707715,0.06097271436554109
1000550,12.965488355694001,0.1748507426355889,0.08725230686597585
1017072,12.609953564392626,0.23944195813641533,0.09429193252578992
1007791,13.250146469292378,0.27883935396481796,0.1030797225318021
1006877,13.11753876424355,0.04813729093439184,0.0359157489200379
1003751,12.751345079002881,0.22274952023941977,0.0700769094707536
1007249,12.550136675388336,0.10303283330886372,0.09369606176440065
1002576,12.005037733618583,0.3337823106151821,0.11763675926373796
1015715,12.774225214096994,0.3330281593604053,0.1942194255779591
1009538,11.767067557249502,0.23550263857071932,0.16214827498380596
1001653,13.292415750220039,0.08660931462747576,0.03624346131543282
1010419,13.096808418193197,0.0671589993446983,0.05725905209299425
1010696,13.40361177809382,0.12835290176569583,0.07605794847653985
1007746,13.594889385919965,0.2532554334297458,0.12698711488141232
1005101,13.79395615016669,0.13172061252359446,0.07814382622690226
1009924,13.370994897450217,0.045914630574184635,0.02497943769149893
1017042,13.695273808107778,0.04963816086585177,0.04604902918800843
1015040,12.372856215906182,0.2774984429780977,0.07435601916496622
1010165,13.06018315659256,0.20351785479208087,0.10861878426885528
1013955,13.114784179366813,0.17346840374325917,0.07556680094384205
1000989,13.537547379774411,0.26938278008574484,0.13182043536181315
1008648,12.126349726568256,0.27778055998825585,0.14291634976330625
1005185,12.310649656827987,0.12030460914300121,0.10513195582558556
1004103,13.809271504815861,0.37482969547904926,0.10919677244575461
1000628,12.704658144024728,0.2454944489573777,0.08869096673397693
1006648,13.21679522135195,0.3183768648660465,0.2209266093340781
1015860,11.890290186644568,0.2712482018025531,0.10638458439395877
1005012,13.76885026539799,0.19874398053834413,0.06510084980869259
1011706,12.767777500531215,0.06833781096120509,0.034033014410528056
1012724,12.192666580238074,0.11818982597285768,0.04954891298223786
1010366,13.154066899286237,0.10252202074618674,0.07784890589993329
1000345,13.525383417197624,0.3759772031677872,0.1413890570534912
1003947,12.920961129905232,0.23510088252982447,0.1352464536128055
1006027,13.020626910580349,0.23062838556285006,0.05944577711292641
1011633,12.85332797458077,0.22868559503223596,0.11218491363325003
1005857,13.693714496984805,0.21908997197239655,0.09988970117584998
1002830,12.772664864820342,0.36017092731741185,0.16634539413829122
1005951,13.508578848838589,0.16927443111212914,0.07925303844693597
1010455,13.210304703177869,0.11747051886545266,0.06685431211832862
1006250,11.976883894262357,0.40627120100775865,0.06552420241362754
1002504,13.730000214099052,0.18931742670930227,0.06676926512847471
1005316,12.848640445247078,0.15889207746299183,0.08279925545097523
1012858,12.951471033505925,0.28206868437959476,0.08683686185854714
1015865,13.129541040155242,0.32551583613606994,0.12760476549491276
1016530,13.385807116980274,0.28394518552515174,0.14688784787463394
1006562,12.89455567333193,0.1732042210694947,0.14828622610995926
1009961,12.993098062130827,0.08055526768667165,0.06463689746902003
1004641,12.092392974167264,0.1279634382842083,0.06282718379635777
1012786,11.6929165907722,0.09401920640059581,0.030190381162415146
1008216,13.429126679907322,0.2905088504362446,0.12772876342819423
1006650,12.167945819764695,0.12555142881939105,0.03276196346789348
1010914,12.392864240658293,0.15585102425919467,0.03641374922485584
1009253,13.308577927830989,0.12920078143932218,0.03237963443824729
1011712,13.155771740485976,0.15492831562785492,0.08076798306831219
1015793,13.585230189995125,0.09628610211502452,0.03891797638040233
1006254,12.76646975735258,0.2806103673092331,0.13176391350349823
1000676,13.239756017576745,0.30521340626030785,0.08436828626013593
1005776,14.018600388284144,0.11113266079080963,0.07905566253192137
1015858,13.116784639524553,0.18791604409667967,0.08298272972751557
1008885,14.058208850425244,0.13657884853557903,0.07492721954018133
1015229,13.292569432038716,0.38781852396921646,0.33401440720317355
1004558,11.81610190091318,0.19545520650184411,0.1206435272198198
1013052,13.664629397260217,0.34162157317748065,0.1006797212342274
1008290,12.540369478406332,0.2649872193575366,0.09261722336493594
1000519,12.891526049868972,0.18527033711115803,0.06584861181357932
1001627,13.982723761620429,0.19800013024614632,0.10120475916512153
1011392,13.085336036101316,0.226229889033755,0.26957763853861405
1015212,13.296809128462392,0.10212929456685123,0.10437675404148049
1011960,12.740087704327019,0.16358527132787976,0.06918219136375225
1004749,13.338014410285686,0.13720348417047268,0.05176127816981674
1000062,11.832371312579612,0.18809566789136997,0.09753551453030437
1007421,13.822136440379822,0.17708070153218486,0.07042831994661472
1003323,13.449865624883568,0.22034109846524313,0.12020920950608426
1004777,13.436978482123433,0.04769847298276193,0.035884298387691554
1007221,12.976073009725704,0.05079383080563872,0.022932984452033258
1000047,12.665109879769908,0.09327869398288438,0.12891383483865576
1015929,13.342666031013565,0.1343139343941769,0.08894511364140607
1006874,13.73533603585775,0.15409033540039874,0.09286185422844132
1012846,12.784977269795087,0.16701095576768127,0.0720855197044436
1004233,12.75350628529426,0.15730412578427108,0.07991360687981723
1012650,13.648135504725245,0.26817841515611696,0.22123487460933394
1014550,11.935956583352052,0.13912878768267717,0.03374333358864862
1010788,12.896988548749752,0.138997093212235,0.07169364962734404
1000982,13.360588176389488,0.1924719533278656,0.10651589976453625
1001671,12.532268378783447,0.09701360026452469,0.030868595772972105
1013042,12.897388670082519,0.23017957498254438,0.10826371643964715
1000394,13.04498688680834,0.11405435757894943,0.12058217079754448
1005932,12.643763230023085,0.2665301654320305,0.12242167512052404
1013905,12.84040181279657,0.3084388128593883,0.11719450027022678
1004590,12.719482237942564,0.22139166127620794,0.16661796286163102
1003733,12.592400411515655,0.2758401926617251,0.047908881197560545
1011354,12.923615007198451,0.17146443028595315,0.09490274314871266
1015240,13.217807394420388,0.21129168587258154,0.2721225600344257
1004451,13.290274727252202,0.2968572214459186,0.11659529402278385
1003636,12.227718059929911,0.11702640455910615,0.059389881555453834
1007095,12.5844263469503,0.1406303051787533,0.07627612374076342
1014985,12.400465959196127,0.14051316834428929,0.06614647813114136
1012910,13.272179534976125,0.24931597870564795,0.072817089863218
1004245,12.71596642135165,0.13409574831548265,0.04165282076831864
1015307,13.853258644215037,0.13914003532958003,0.048967155408110315
1010691,13.026705945080867,0.32007651381530655,0.13180454773009886
1003324,13.34092455318589,0.14324629319483254,0.13924832087663155
1001749,12.631162025686649,0.17580421313057323,0.04703260620234364
1002566,12.454902392204042,0.24640068753802905,0.07291474818896801
1013950,13.44253833311992,0.06151525587865744,0.07232613780934752
1010891,13.28295172606783,0.12425408397958394,0.060214013454197246
1006736,13.87051613029817,0.16848087459828232,0.07424807259300371
1003136,11.954529839778054,0.2183331601524407,0.08107590618143437
1010959,12.725166205927096,0.10309472061653707,0.0707275544306205
1001493,11.935048653974924,0.3541811789158655,0.1848434653473472
1000762,13.580154071461477,0.10654218295610812,0.09953122324626414
1007373,13.126494474934043,0.1694181914622322,0.10579324325930556
1013110,13.043396474297325,0.12351275108081983,0.0326251738444088
1009428,13.310729902286264,0.3595883431227459,0.22749805319651512
1013292,12.093798215359996,0.3030735013726985,0.12628740471544161
1005796,13.804207511344112,0.1635213441496106,0.08915061063022611
1007168,13.487600350310899,0.07126125928565097,0.033634918195523354
1002320,12.840389892787442,0.22884091457674094,0.20472900195535587
1015167,13.273088158285995,0.17510807665813702,0.05352692330320999
1005180,13.42071475602137,0.15204707987478464,0.05691595308213539
1016810,13.640629865677004,0.12926408483191773,0.06392371844795144
1000147,12.51692826486494,0.26840902817055884,0.11167119967300655
1011141,12.894970062638324,0.26671532158270633,0.07224477175746064
1014664,13.472437341083051,0.10065342032156184,0.030061172187403565
1014009,12.48564108718277,0.18554136165133678,0.08095196192215053
1004633,12.763341725076438,0.2985108106285322,0.0812786578331026
1017096,12.887277980621192,0.23375917081877154,0.1000550505401786
1008146,12.910649149421317,0.07807203822279413,0.03296023214098253
1001337,12.707764793308145,0.33443334642312705,0.1920701206945118
1017506,12.318054800028142,0.20306075344599073,0.0925325500886891
1010341,14.034106882965418,0.19079072488535825,0.06952741818335618
1014824,12.821035760413698,0.13995445605897194,0.03312127778546095
1005970,13.875201254686468,0.09382008085332869,0.03781809656792308
1003942,13.923754894778426,0.034822932734188364,0.003337548599299859
1001338,12.462982726306743,0.2487300985120059,0.0772403224385851
1007510,13.284465025318505,0.19137100137963717,0.21689493760699435
1003028,13.700215745137593,0.2874066268223384,0.11217665000040371
1010623,13.879585801250897,0.07937262093350639,0.08193930074333107
1000674,11.866016756530385,0.21137392613363382,0.1030471629294355
1009870,13.341006679523492,0.16293478141361092,0.08431383785299114
1002866,13.368484545097559,0.16932344249479084,0.09340981074109858
1012388,13.345927075836967,0.15341736696210267,0.1396463548968704
1005289,11.832783982803358,0.21049057733364324,0.08269731961590507
1010856,13.209330441379215,0.12482614919632709,0.07586293781934743
1006036,12.961162065062206,0.06468112456708962,0.0417504694273911
1017414,13.927673257553927,0.08649354033381582,0.04398715225095001
1006222,12.494762969150408,0.3236233266414753,0.09242785154265247
1003150,13.881309386688828,0.22464477356058457,0.10094116733674875
1014814,12.720506481357617,0.18147670229875262,0.07875482477158127
1007411,13.337430707840868,0.12508714175093785,0.042032302561509964
1014394,13.148643141730899,0.04361129444649979,0.021801855754030194
1003837,12.252827626055543,0.5309318742041265,0.12185072771732618
1002626,12.933126939531007,0.29280256053385545,0.1245974572867693
1009137,13.075773465121127,0.11562041172808796,0.10129487215714618
1006879,12.702009575118224,0.13667917948013172,0.06743237471830259
1012114,13.49129787691332,0.21840746051540016,0.12914985412462976
1006479,13.403100593199836,0.24355572194351405,0.21920933715952068
1009320,13.347054961532073,0.19506290092140147,0.06505889253364928
1015503,13.822878028739861,0.05937743498208674,0.05763905842932378
1014580,13.68182616099147,0.2154987616440297,0.10025904626732508
1012718,13.29819419310048,0.08797498894658162,0.07093173796430222
1015950,12.673685731095654,0.10774889494152846,0.03555038538857129
1007881,13.329018319635754,0.09618804540130929,0.04976369551260933
1013310,12.889807812392027,0.18963782090394746,0.07570021596863584
1004420,12.82218374067989,0.16641060030528526,0.05289338081010929
1016269,12.720120314503204,0.2673665972921305,0.10946121620662945
1002730,13.929080717757737,0.18641197621066627,0.0769973815090768
1016328,13.83977720613059,0.13821413795656703,0.11142153237884428
1006364,12.170619296297922,0.24524106764066678,0.1314915637081158
1007528,13.439254475748257,0.15109945218955098,0.10781852140448428
1004673,13.580764159945096,0.13562741384826624,0.030555886068660165
1009802,13.767844131069689,0.32804136248030563,0.10763984522587268
1004809,13.011330931244563,0.08646489348641496,0.07691768340333116
1001648,12.477058930800903,0.13803571738238954,0.07105994901280682
1013825,12.731172342011147,0.16114356767110805,0.052355243287802306
1004957,13.78635572716729,0.19147780080500085,0.13076107505521778
1000978,11.621115618707455,0.573438671417118,0.2687023056070398
1001130,13.159765123874616,0.261446131451881,0.14366490429856887
1003642,12.902193486535237,0.11122496388596598,0.10458771944201103
1016292,13.37056327415627,0.3266108330817381,0.17950621912117248
1001184,12.978540749223498,0.22963274219757726,0.11534309403921039
1006910,11.782341318012143,0.40953976044665047,0.15521461378296006
1007176,13.45847851949361,0.23542131165620778,0.1619588129234625
1004768,12.332512810359802,0.17319310106097005,0.14922446445306584
1010102,12.561357854779345,0.45460526208586705,0.21788155498166692
1005351,12.551971911559898,0.3399480547723172,0.10857719491109313
1008440,12.473217989407283,0.201175000152371,0.10829195637773613
1012011,12.670900590754528,0.07906371077429385,0.020266035394170132
1012455,12.761348339989887,0.20925085485017236,0.05979713097432265
1001253,12.784916098980029,0.2794783624380696,0.12538825820806151
1017499,12.233896608782777,0.18186715414101642,0.06787307958290598
1016900,12.530842823177215,0.25985532539549505,0.10400992921645626
1011447,12.856225838166228,0.30994322683527575,0.2548914314347425
1007832,12.545843614783335,0.29526109989731614,0.0998395978502123
1007463,13.55308871051627,0.26282325384181504,0.18493967016872212
1003161,12.951361531809562,0.11298198653480564,0.03922603473347631
1014308,13.8437909312994,0.26094818276870446,0.11167457666623452
1012206,13.14388887363478,0.0673559298343971,0.0262180178119735
1012578,13.37203406208838,0.2919041055756462,0.14726860327571994
1006079,13.156321030420074,0.0452124678751219,0.02685942543286195
1009077,13.53326081916456,0.24188793611631826,0.22026278878915945
1016681,12.483068209032988,0.2054959340590435,0.0729708522534531
1011001,13.168219684355423,0.26117292062462993,0.24797052320271784
1012648,13.254383892543098,0.2518374892653907,0.14340628201694355
1009434,12.457493617350773,0.1564213461859587,0.14679588326666132
1003327,13.219198446901505,0.26166956582519924,0.08609879424751782
1001612,13.027712016772753,0.06419734477460087,0.04616894381904399
1003603,11.423312060456427,0.32435958708006535,0.18184169792337787
1015607,13.186666501361666,0.20482504074917074,0.14589067425875882
1005127,12.270378008331166,0.1403728594303654,0.07230794851364673
1015811,12.80198907793619,0.38019330375992627,0.13429862535169265
1013200,12.016701997814119,0.2585510158407858,0.12045132599268746
1001835,13.006896957339222,0.12069592401638074,0.05873011491587414
1005242,12.580078421759788,0.1357100972141392,0.05457437600212019
1003071,13.089312850078377,0.06098922905853779,0.031201481416412092
1005243,13.347665067254324,0.16349726579511906,0.12700276888948625
1004374,11.949627908533968,0.461443485970498,0.2979665017105762
1005285,12.43656782619892,0.15058732020929202,0.086486816907695
1007876,12.935847971306083,0.21554477495583346,0.10307343946570018
1000922,12.653030250751058,0.1901106323960852,0.016669858506577862
1011685,12.948952406583793,0.20354238443866632,0.13345320347758197
1003330,13.862220077630946,0.26386768788887394,0.1114901813589113
1012488,13.025993519171166,0.2856935994564327,0.17577736834050592
1008797,13.491791094624695,0.24479771643516696,0.0463741638830068
1005477,13.560350937581955,0.17191175523267926,0.07768974012581215
1001165,12.649762825366054,0.26613428443776693,0.09950883920979606
1016450,13.185372472631618,0.16524607447640458,0.05431188992443058
1008284,12.370853600003764,0.16059537249578698,0.13426108806748432
1003840,13.718478918875615,0.1904531216136835,0.08980643624884024
1015886,13.363405154783907,0.17784633311533643,0.08071402444987821
1008776,12.893380730711364,0.1397529183765006,0.05984869382115969
1003843,13.53171384756469,0.3673900933535101,0.12921288860367824
1007418,12.143298419657611,0.265158761300279,0.08983563368530438
1001878,13.242604119536937,0.24780605086342822,0.048034699618221495
1008538,11.83430956964964,0.22641198200601848,0.12288811751443961
1006711,12.637738467603564,0.1495881973865669,0.13218035437293774
1008405,13.529653787576958,0.2907837940666078,0.07732829801628215
1007637,13.040632999557001,0.3494864738145688,0.10076501528527107
1004424,13.146238763270452,0.12092062085203238,0.04477062712533283
1015568,12.104489555068472,0.19703929600258271,0.06832818424244877
1010147,13.881973009052908,0.1678685042211517,0.0663860993509518
1009273,12.30280659383307,0.22348004730318163,0.06910651837333075
1013676,13.284914646617947,0.09993950567426767,0.06582159898905711
1006837,13.061936194763918,0.3972361503835291,0.14278740509718998
1002525,13.313414687616751,0.20056415332020752,0.12184178969426072
1006427,14.022558833512598,0.27430402326573416,0.08238487751241019
1009860,12.239758871829606,0.35583542209425945,0.12173902013029955
1000347,13.1289420840415,0.03853140581958943,0.02192034025900743
1008485,12.474265916500322,0.29572296477566556,0.13932020180173627
1015006,13.930854095363548,0.27432347348175745,0.13465331910778883
1011740,12.875339673310457,0.08158888753534638,0.14291067431990273
1007226,12.502030239429152,0.43890152602166554,0.12647612249386786
1009229,12.793833909379806,0.18561991752305385,0.0829517655248185
1001712,12.999995123366617,0.19951400246307552,0.08404468934473086
1010819,12.76415608522752,0.12068593330586848,0.060235912342080374
1016702,12.949809108002045,0.29694329460425717,0.23354473061206193
1000609,12.51298419782666,0.3299186608241196,0.1008041765529461
1006955,12.776699820404422,0.11966937578228572,0.057991300892002606
1012079,12.945710269837017,0.17525195122150708,0.06756756142524392
1010976,13.40434514704537,0.046038316840159826,0.03739491720468991
1008935,11.919265521409898,0.08458700996859415,0.03217987904272907
1005749,12.875987340165471,0.11025221924381427,0.058942319137207475
1015895,13.10219073876112,0.22267566497787844,0.1368333559281152
1013311,13.027955307867195,0.07658765194789975,0.024751267944949442
1002188,13.346324128821475,0.162106484038115,0.05985963399023443
1008586,13.363418842122314,0.10127317884713957,0.05781842023487525
1013181,12.859730783354507,0.29720251836862493,0.1150821179861714
1005133,12.680899769385071,0.4186151625930279,0.2674894487285627
1004756,13.917022786727747,0.16063815069207713,0.07492077610198739
1006753,13.634095285386671,0.12783030009161533,0.05049115694513548
1016480,12.849367944165143,0.19614505694045847,0.09023301968533066
1017256,12.921192382757862,0.17241358135453955,0.0656048984943482
1006673,12.821602242935379,0.24146056203685462,0.13422146342038055
1005250,12.79822077736111,0.2422385691009635,0.053065972119648266
1003550,12.803988202050421,0.3599155533082364,0.11976048318099748
1007195,12.533174070615042,0.28558162761992845,0.20025004880167346
1000009,12.451862670656448,0.21326281176748407,0.11893070427707052
1001284,13.951232006612571,0.20830429833015032,0.052348637149352645
1000218,11.43120293558585,0.16273247057930948,0.07431242853191518
1016451,12.587177902394503,0.24624902304927598,0.10895486349038327
1015635,13.461139216362776,0.23498710077834933,0.10507561492158045
1016137,12.553414069135433,0.27279280023357405,0.08501276051681925
1008025,12.260891266361142,0.334044577796259,0.11930053977439864
1004454,11.982824104315226,0.40825969430075437,0.27025816925744545
1002829,13.498801602079055,0.12678155990593573,0.046632722769888266
1015169,12.644768975269312,0.32160650777123007,0.14507790649865224
1010231,13.088919443273864,0.12102080967461286,0.0598540100211704
1004147,13.864660216488646,0.11809274851704948,0.08410408106028254
1001949,12.92649537651937,0.17793056033681798,0.12465174282973517
1001707,13.085603489206823,0.08794106607661445,0.044349638568156824
1002741,12.765388441972425,0.28509643597970946,0.09844920223476264
1013167,12.122268066364049,0.13113584679187126,0.06600912178442862
1002433,13.216335579157382,0.08221972460382763,0.04614299206671827
1003896,13.085332401496245,0.16465760650708194,0.08566212973748516
1013249,13.731349124760065,0.051600423647963405,0.020595921203237316
1007372,13.241777827231724,0.02562698477235179,0.0213514463135875
1010594,11.741644219280579,0.25220935864420113,0.1031369180135954
1011769,13.555043535783298,0.1630915900703578,0.08092849377999412
1009262,12.580084660060436,0.42972813889641265,0.1236358129438803
1007456,11.586255210353285,0.3936671805802693,0.21853199287412153
1009399,13.538157468572406,0.13193676792728234,0.06727523359833332
1006534,13.826700636867592,0.19906803570218604,0.08817354438114516
1003577,13.49738949290559,0.23228229901498662,0.10150526433695377
1004262,12.527879437272617,0.10437764245080616,0.03889017945928482
1003600,13.482651481914205,0.3212005500372651,0.08553694769526879
1015923,12.71683141428197,0.1820932956812072,0.08667423645729909
1010080,13.451840470437917,0.0827029022831562,0.06528171097628557
1014827,12.35347888057427,0.18002910394836222,0.10553551060129696
1001819,12.905795988360534,0.15868082290812277,0.07073200001009877
1016786,13.714943880165736,0.25718795247301746,0.1121981583546766
1014604,13.246583252268778,0.1101313706900057,0.04673710071772373
1017147,12.428839625136918,0.09262849726484668,0.08501074017178531
1011272,12.108008252821056,0.3650906714586372,0.24444105057531576
1014485,13.333826627142427,0.11215229252232013,0.10826520516511123
1013708,13.659166506191402,0.17759018265985166,0.08376823138586999
1016743,13.061070908769347,0.19371318949723798,0.08000428866143049
1001770,13.022138852914983,0.12406271513698088,0.05210074088590715
1008165,12.372181371677412,0.18497984622148733,0.11548610740749593
1008045,12.203665240824431,0.05977032974980819,0.027652607948361947
1016617,14.170002238130042,0.4789531143136259,0.11678515034314721
1000797,13.74871833045991,0.1133738136567625,0.06307782016176892
1007908,13.957325454219756,0.08273455044055435,0.04442139668999177
1002431,13.45180218808198,0.11211486953494648,0.06649191585408402
1006919,11.90261137782015,0.292265727885728,0.18131852693035666
1005877,12.161747568187792,0.24307801498355347,0.08645867100872631
1005010,11.738297458660343,0.20673421944204864,0.09057359083135422
1004627,12.15738326898926,0.38214582545268166,0.13493074141256545
1003998,12.53129305648782,0.4003104414161411,0.12066427999789874
1001166,12.70256049294215,0.10212726843008185,0.06195343199590166
1009121,13.085914910489914,0.2734645660906906,0.09193467070924319
1007588,11.947976171010133,0.29543992960226034,0.21521269971193327
1006239,12.333691949883345,0.11165989971504196,0.04107659127147195
1005665,12.524906747607465,0.35562727608412975,0.1625368916974034
1011908,13.342116692274622,0.23597848099785335,0.09477918938551934
1006819,12.084596378970337,0.19235789181650506,0.07391049957959518
1008196,13.957738313312765,0.09883031464605663,0.02495998446006595
1014683,12.739732962411498,0.2804574634864302,0.19288002228642664
1002588,13.740486315035982,0.08606193217955808,0.09573579338293736
1015187,12.723497006087618,0.15479577206403267,0.13744142003636783
1006128,12.743951936548996,0.09235411670132461,0.055476267776866095
1010681,12.661839349770531,0.09899378752677185,0.05747476760070519
1002976,12.62736786452126,0.32429125497964073,0.15090008094503435
1000804,12.957930682780477,0.20869855637803642,0.13654913076312922
1001606,13.857369669292751,0.09385812615681044,0.056213326560943404
1009429,13.023381913144197,0.3517897111198883,0.1206112224524904
1014873,13.852037964803207,0.2854450662115033,0.09450292243437751
1002606,13.186807291797162,0.2910499413785786,0.0930859884928137
1013097,12.57532600380567,0.26333621001648894,0.05516601014321226
1003159,13.610094126528432,0.07620878239214685,0.05775539242971073
1004116,12.790707268648047,0.281649759285323,0.0838050273815206
1015025,13.732257590993845,0.14848444696551294,0.0763438653969419
1003759,12.85264558751306,0.15490924021854058,0.09333517954864057
1008427,12.434461827231232,0.20007693624200532,0.09406548195959284
1016705,13.578554741806549,0.30411544209026364,0.13704945245679648
1006866,13.01478738889252,0.20205362434264698,0.17320299069055492
1013455,11.726658535751428,0.34407592642986584,0.08520672594424761
1003470,12.324462332444076,0.3846150111894057,0.13091809170084862
1009652,13.25825354219261,0.06419973644930402,0.0396654712064454
1016616,13.521095099405569,0.20645256918909985,0.05653244767461752
1006625,12.8204755298888,0.2674450605092709,0.12522470369971955
1009152,13.050390851951283,0.1740514908144208,0.0880529243876675
1017263,13.89556240854616,0.07316844932397651,0.019948978145742095
1006118,12.884299600875778,0.08478039057762045,0.04931143853669065
1000733,11.677675498674546,0.2231065637539324,0.10626313426573245
1016051,12.759246193771519,0.11219954473551567,0.06195945553933853
1002994,13.262170668966567,0.051434792590093426,0.040221019228609184
1003130,13.050564008429147,0.1316121575237355,0.04787563588628649
1005853,12.64652331815779,0.18800089200675374,0.11086968109626685
1006317,12.51588332842367,0.2320969456093536,0.15597185707421182
1012240,14.111735057017976,0.13228332299745982,0.0599661156424045
1010097,13.286036133755644,0.21962031018770412,0.1466635338146087
1006434,12.641505822437738,0.17756740753697617,0.06898753344698115
1014638,12.810844434516204,0.14080641286214887,0.09528518409880535
1010173,13.057063126677663,0.08677023642933229,0.05130470153401012
1017026,12.91289281545977,0.11398450498621053,0.06342324844453343
1014384,12.054792092222868,0.19368549833798793,0.1590158554700886
1010589,13.803502769050375,0.1275214780946377,0.03270854225750652
1001794,13.848371751098313,0.2504801661186682,0.047577818893811484
1015577,11.595348927425531,0.15076208577839526,0.05389245794687612
1014332,12.807450416729047,0.2700071720383179,0.11836953336811118
1016303,13.130836336623984,0.17380365480607404,0.1036334009003761
1000010,12.738638960143964,0.17048351735950046,0.08274429174755783
1016861,12.149072799504594,0.462500455821154,0.18710948596206523
1008633,14.019795975381486,0.1275167955668278,0.0740343920116391
1014787,12.648981713497696,0.21639378587843003,0.05020767631970334
1016435,14.160071812215287,0.13621882817802167,0.12581639454596966
1012214,12.94900824180093,0.322015857637299,0.224513981643247
1010692,12.691014347914384,0.26988299351369593,0.1446170890520127
1013933,13.185813291622305,0.07786479883134494,0.05056484426631033
1004049,11.720842368682568,0.33502985025448084,0.10074169094591882
1009457,13.48612310166917,0.18705405147869922,0.10587244289537581
1008452,13.018690609684276,0.09622051146434725,0.06154181399812732
1005033,13.896006674188804,0.17250251270141342,0.05717465870270459
1010792,12.686840441541797,0.28120116036846526,0.09800570859687001
1001462,13.355884513526737,0.06253410403505821,0.0603343129046306
1005607,13.679400026481908,0.18890388168448977,0.047035853057020106
1014696,13.360435697571447,0.231160975698429,0.13372416295415998
1003274,12.824700697359374,0.2089121432113761,0.06674400434868816
1005029,12.586768926659468,0.2718671202646856,0.06249562841910222
1002930,12.908972824154683,0.11744312053970128,0.0505239954821036
1005597,12.878178475950891,0.20442849566597815,0.12029908372838924
1006723,13.938161481955413,0.061913213933777765,0.01584300808338063
1011650,13.020962439099222,0.09265155177091272,0.04703941193363883
1000893,13.29091509685608,0.10906203567214585,0.0251463675016199
1015591,13.214625098081225,0.0405604458425334,0.03504764602905641
1005701,12.127338260789124,0.4357932437732072,0.21462615459210946
1017417,13.229349856615913,0.11310560684879238,0.0984836796959827
1001153,12.748408125336661,0.21649411295797366,0.1074948528809405
1012301,13.720476784013748,0.19646749445088102,0.06702889013781543
1013536,12.65887956090232,0.18815159455354385,0.10972334185865618
1014377,12.714165419279945,0.20397908612860982,0.075116106070998
1001645,13.657780646181465,0.09151624536071422,0.045208400930182475
1015462,12.794001064125418,0.08251394252841548,0.048189707836246126
1004253,13.466647602884812,0.08684103621515964,0.03202083748562554
1016737,12.932472821243422,0.15835223848731456,0.06271101067125237
1004079,14.119061283145461,0.06145244246530378,0.042656844646172774
1005617,11.744967919997366,0.11795380461400864,0.06662469322612537
1001818,13.17664957956726,0.20909212611195882,0.10489938619211524
1003898,13.603670121458668,0.19563491362434152,0.0862245465025724
1005409,14.069876913047851,0.08678429613260835,0.10479985989613023
1016614,13.514093903147621,0.21815668831424193,0.11423219708156557
1011759,13.912989514327519,0.263928809179205,0.07045750141195267
1012369,12.989077807648288,0.22047206525055232,0.12728140574159846
1003284,13.73968079567374,0.21193078988227204,0.08029909537120046
1006206,14.139730672842973,0.16749371222240014,0.10508080580481426
1005793,12.88891628690834,0.08664347678554907,0.06862492447379155
1007498,12.407261148321984,0.29083148455185914,0.16651346993875377
1013235,13.455427960415662,0.08444872938822105,0.0303249767768326
1012706,13.152211012128468,0.07982130753408206,0.05928824889332811
1003213,13.110260468599874,0.22471381341090324,0.0591531223279765
1016025,12.571875945143754,0.15868644568276055,0.0631374227872141
1000586,13.439445711677813,0.10884285878111286,0.04412013220807921
1011162,13.095288201292563,0.07564152044636449,0.04888154124356071
1002180,12.152030857733,0.22669321956280614,0.09972565007054496
1008682,13.965929529761699,0.16345093791302076,0.096019066745564
1005188,13.150377785392445,0.17422539545708973,0.16658687356568955
1007471,13.097239641672724,0.22420928419635774,0.1709222123484776
1014128,13.051944160476069,0.21937751102834216,0.16478112329939826
1001074,12.246166104266264,0.29654925029015083,0.13938895856244393
1004580,12.517019578528668,0.19501079499098217,0.1125679288180312
1005098,12.413878643866603,0.34658121929285163,0.11283310557342575
1003115,13.051651394107571,0.11582846085856158,0.06293577456815498
1017485,11.744511986990048,0.3649492206957074,0.17419216753353495
1016885,13.290331905519565,0.0776822033595768,0.05341714912613394
1016228,13.07369497841553,0.143851997876979,0.06656379159715962
1005450,12.545969192642916,0.38738168808011775,0.20486108949042017
1006307,13.059646917310346,0.20347869954851316,0.08311560530737085
1006354,13.58649650859212,0.0732525712150416,0.02786156648641283
1011480,12.708194276667932,0.20365829923251794,0.2502806078750321
1004375,13.270130501211156,0.2841209817629105,0.062423743856111484
1006817,12.542146928249963,0.37253106788888635,0.31303726603668713
1003436,13.367318652850926,0.12110482565157653,0.11390820431632052
1014047,13.59962197159573,0.27300454114029116,0.14056774187160911
1012963,12.804588170343942,0.10828159488357048,0.04549732704145785
1004170,12.635485919937166,0.18799871486106232,0.16748597056353345
1014251,13.235216401832302,0.1668209008821586,0.055429607134228544
1011577,12.963721471510027,0.2411664676080585,0.10987708529604504
1015247,12.76817866773591,0.11763464605183581,0.05956755690670491
1012800,12.453471313392825,0.2786176459577629,0.1255279808531304
1002749,12.49962365692624,0.21227095533573034,0.038021825528900016
1010539,13.559261358142786,0.14661624684040125,0.07472084776835498
1015651,13.393261011848496,0.10419887974950445,0.05358913790676367
1012774,13.792185103058832,0.13408248587896743,0.05194567391552085
1000511,12.922788809710973,0.09060908274738366,0.024172512131157016
1017014,12.981221688022828,0.2204825299861118,0.13879739295419027
1005778,12.564855529427582,0.31766763504626677,0.13069937239906806
1001171,12.72771115381061,0.07611861048523044,0.08179414957669183
1009215,13.767484483554597,0.2547456259574014,0.10503744537150048
1008140,13.009544634576853,0.18386081096503573,0.08929267174522308
1005962,13.05799688805654,0.21275225147417337,0.09117173907956068
1016619,11.921204031164637,0.3190001480163781,0.14997407278389321
1002018,13.06729938390765,0.1108854504518759,0.08888568442921957
1002527,12.977987566688611,0.16318691225757748,0.060270063087073666
1011950,13.704163683443282,0.0888133794801259,0.017267892321876428
1011590,12.856234174272188,0.21908237944645276,0.0913820863718718
1008359,12.245547845372279,0.2646397641662221,0.13708582470333233
1014132,12.835397828916117,0.07352871147284668,0.023190015742996232
1015492,13.428733687718237,0.19224206842543456,0.10604084569788703
1005926,13.62224114133822,0.12433646845759465,0.07022360742231373
1012581,13.40989382255128,0.4148960402623633,0.15588892017498154
1014409,12.744597644486475,0.12687242669463833,0.0698739015422283
1000097,11.917367635316346,0.20629434319595322,0.09993347506491083
1006139,12.786271953146633,0.0954784319698625,0.07089389538501936
1005762,12.677757055542516,0.19028012927384458,0.09492952939195316
1012658,13.366171403291306,0.10934262065631792,0.04592652326488477
1009276,12.015526558073079,0.3893514707366058,0.2711926640421443
1008299,13.268912594701568,0.17893972809976755,0.16246645288616385
1008220,12.940241926007873,0.09953726555294302,0.015529341010318373
1012515,13.363419374856095,0.1357096629673272,0.07313487639563471
1008148,11.733202084921047,0.2915500071061259,0.11003225873722487
1006186,13.405898322470847,0.03679654847496338,0.033405398886494436
1005609,12.79929496349432,0.0699549369958076,0.016418125207108832
1001646,13.200320810638267,0.11810050443977194,0.06129881767188214
1011932,13.128631848359083,0.2047059398347269,0.1890726799509702
1010919,11.942203998686466,0.23960343148983917,0.10188394408722941
1000465,13.963194707064824,0.16341481902158764,0.04034975364218094
1006150,12.61805404386771,0.18729735653735943,0.12116223557987209
1000301,12.92342054445036,0.2277370227854187,0.12832633592151904
1008602,12.40138527149373,0.2576992910347147,0.08945253369012282
1014622,12.108537096122133,0.1600183058183734,0.12616957940800907
1015303,12.072120169601137,0.15135163504331042,0.06581433750509547
1013218,13.616928419258151,0.13106946656427956,0.03668507379854794
1000001,13.053197123443592,0.20204642534886863,0.08456731584202508
1006797,12.127873782659233,0.5556941121012914,0.1547197689629924
1013649,12.930467886265367,0.2550563017968374,0.13636881807338785
1008544,12.887326546082663,0.10263445439113164,0.05773390145846628
1009653,12.888626862444587,0.18137724826719057,0.11793091152123156
1008913,11.706297222461354,0.29288990587400443,0.09967396125938295
1009972,12.273111043619588,0.21527101465791973,0.06337094004572075
1010998,12.805843580547986,0.3178245412883373,0.10565583004596635
1013782,13.238195502050369,0.13899754437834974,0.07293025290083835
1005594,13.000169104152214,0.14892447056969838,0.057043344382839624
1013140,13.725827536090518,0.42105063833093276,0.10521095439665407
1001881,12.994071409387269,0.22755355298354665,0.16802877716162207
1009485,12.908407309350608,0.21100286278602934,0.11975538253367521
1002475,12.49216210808305,0.19827193364595003,0.07603665139733795
1014533,13.465462702934966,0.035498172749849524,0.03996121264722847
1004231,12.63961316885602,0.4462398401024175,0.09869698134647492
1001872,13.917655472882016,0.13550643945447644,0.09021425117880934
1011751,12.898645660256898,0.08648018420615482,0.038734017155617154
1002250,12.776654231440235,0.15359379798592943,0.09798985517197163
1000503,12.881631023803914,0.2812773357008151,0.09912404201598023
1002714,12.233052664629675,0.06210975154360012,0.06482834524842178
1010400,12.982982889378723,0.2037114556129803,0.129691995120857
1008315,12.723075776338106,0.33045432673682335,0.12196323654217839
1015980,12.889338174141146,0.15505060479264424,0.09891139932830878
1003770,12.510427186681538,0.3964525633662626,0.18564039737445942
1014801,12.728896147142288,0.33306175690591516,0.18607630308145115
1009458,12.977609929051491,0.08218755469018345,0.048722543498238895
1004816,12.788035475518564,0.13329358394485294,0.10696952761543022
1002503,13.354020038796765,0.2730570171740064,0.09578624260867895
1001767,12.542255243197575,0.3435881061443997,0.17256388089921618
1012871,13.040535395841555,0.18066687922176408,0.06277210380731506
1012080,12.41157149379033,0.18160276221421925,0.05905230963850526
1009192,12.865591418027252,0.3512668948393173,0.07117302897393665
1002913,13.353948322321628,0.13682660782537062,0.05901501281781684
1005835,13.421273011642606,0.278849794479012,0.0830573667901732
1006127,12.41011385741744,0.32924887974320965,0.06989776394138923
1017037,12.68263797050919,0.3716362661909304,0.25922994939823446
1002905,12.757320605915758,0.39907122036238557,0.1404757405845658
1008333,12.517149849307684,0.12409472089616443,0.054496933082042696
1012228,13.866106763580255,0.0649953307267807,0.04775160831461536
1014943,12.386183765865697,0.5071395704800803,0.2548828459395654
1011419,11.63245758742157,0.331968303965755,0.09010886837325817
1012773,13.571492673357058,0.21311189604213743,0.12926873642428102
1007192,12.871687157479265,0.29165944667917665,0.09016731870068119
1012107,13.340184621571607,0.11524954815113048,0.04097591431687568
1014369,13.181007971074337,0.1850550247950148,0.0718125442916885
1007113,12.438980009900895,0.34894468315784466,0.14288082027641566
1000251,11.737631000179721,0.2080748508215222,0.07173097867311502
1012818,12.970114901611739,0.2593176053145463,0.16221109731611402
1005230,12.632263055726071,0.20583348042574623,0.059166396499734014
1000547,12.352452902026137,0.41129170025850925,0.09171251746054553
1016911,13.352861691633763,0.19074698490854333,0.06402542201902897
1010174,13.7639437049259,0.09782525204436536,0.05127877970369088
1013408,12.867294337393922,0.0973652076623304,0.03764505416133237
1005647,12.815840210021884,0.2528395787388361,0.1352998697665986
1008072,13.04460859878999,0.10679984744861301,0.05065980771174367
1014149,13.036832215246994,0.19737364498756588,0.061535084733073106
1001957,12.883105682218904,0.18289619104131152,0.053542015332482505
1002101,12.986356615706615,0.2137906080591158,0.06617570637989749
1017308,13.689012674546136,0.16501578723933186,0.07880141345604849
1013737,13.249859101574009,0.07768852309414175,0.05565998934053489
1000889,12.324798518109306,0.2767126872971131,0.15206205165032158
1007271,13.320440045195152,0.4744222755295474,0.13410120209305434
1017081,13.039191180542993,0.17882128962697946,0.13838435657038922
1003764,13.942234509709174,0.1268346527881583,0.04630020705981785
1011758,12.862518709252521,0.12936315820426306,0.06548055941577158
1002296,13.68382646242015,0.278226175862099,0.11370929383221938
1015946,13.427437330774431,0.37737592433736533,0.19890399737432946
1001280,13.906378973369558,0.09455093096511169,0.08548241467259289
1002550,13.625863117106723,0.11550390702416559,0.06395102527023454
1009927,12.965164784913911,0.22806483495536292,0.11390473330020846
1005512,12.922571270351916,0.05740337280136611,0.0624213230243532
1009232,12.942226381669734,0.19796966076909164,0.07116838934025475
1014207,12.075929977388995,0.2554096130455861,0.23548109411467333
1008441,12.87251873296824,0.1829812792908372,0.03472160154183546
1009651,11.87249088437186,0.32378705514381695,0.0877058879563069
1012976,12.841363942197026,0.16177456954405528,0.08353065759043007
1013615,12.231011465149033,0.24734555916379797,0.05304847291198169
1013133,12.580858085563756,0.19382612960513532,0.050214548523262736
1013044,11.918434076426145,0.15441647891976415,0.07414695257405904
1017538,11.73119991286376,0.34884431572670815,0.14717206736079153
1007268,12.856277459194681,0.0935287480647975,0.020834677506971544
1006551,12.158093668600634,0.21413185399667678,0.06511645455437869
1000703,11.926783475317826,0.27269311297401916,0.09107989727692055
1007177,12.144281435994797,0.32434179224301524,0.19496552367424927
1011866,12.572845756312548,0.3916220751344415,0.21481762181453098
1004820,13.864578808762856,0.17609923494759044,0.08045457116220878
1014245,13.762112415053556,0.08268884828054152,0.03763680292837029
1012119,13.953354782918174,0.10051853284198842,0.06130211105026028
1012225,13.27275071893326,0.0983566631685512,0.03494864568993718
1006172,13.899545881807219,0.14681892200593,0.057492426232386984
1004301,14.03047103904811,0.13311486667760192,0.08377810379966513
1017100,11.748474370303697,0.3043327074464459,0.06926966963806178
1012397,12.82070323313415,0.2245055182241409,0.11602888158701424
1010452,13.64723763498499,0.13279985257666171,0.048936245628317325
1001908,11.980856921826184,0.23307849737284353,0.12267603598046789
1009936,12.891202367227367,0.2104113460148278,0.06949626593097055
1012184,12.760964786978713,0.1445352856200265,0.05101968438888146
1012309,12.973624027926027,0.21941450359050468,0.07248618886557993
1014786,14.015196548685728,0.2803709563468899,0.12713661712663918
1003178,12.945386918140114,0.13852514087522544,0.06319411850890345
1006778,11.711424681110188,0.3344862013988224,0.14634922762798422
1006864,12.861974491489134,0.24383710176036985,0.12396879572667678
1003591,12.838268816277951,0.10058358315536502,0.07411521808655543
1013541,12.525907408564347,0.28649005803673866,0.08194201982462967
1012672,12.959573163412616,0.1973225313681275,0.13327354217083096
1006719,13.866750338580342,0.24109250566530874,0.14067468884711284
1006169,13.708531828157845,0.24325498575031082,0.07627814113097722
1015482,12.10976827473619,0.15236555202136198,0.09465362112219888
1003934,12.816694850936292,0.24848323241831907,0.11460649819901356
1014941,13.003823891774879,0.19209397922545446,0.06008265701212275
1012771,12.093127791718022,0.37636995567780146,0.0600375849620254
1000538,12.345334459917296,0.20421481817914847,0.05513839107775582
1000908,14.072909432919033,0.19003383739830465,0.09581541326850873
1000483,12.473036660493527,0.28000382994200357,0.10999668503252948
1002833,13.190874711898772,0.31169372732911366,0.10233728815593031
1007558,13.351843901198775,0.1677872817841323,0.08004281843315242
1005290,12.585052358542862,0.20422714759471977,0.09870121670630429
1012400,12.68748709981317,0.4027043285104626,0.14813438021483044
1006271,12.886111367408986,0.10966963119279241,0.05963830929021915
1013811,13.129018248853278,0.09527657976438228,0.03243809646273576
1006691,13.602385816277973,0.13094826175661603,0.06995420083575905
1014690,13.689201590300945,0.28283095613336123,0.11256214674083018
1016802,13.5227784792966,0.15905515872029843,0.08824471817451439
1012737,12.108177238699492,0.16596770061200353,0.059142343415105665
1017137,13.221117565212623,0.16950260889271343,0.10197435895550111
1013290,12.5502490298098,0.09218914624140764,0.03304591366545483
1003454,12.951699724553817,0.14584845768409238,0.10738445102148579
1006488,12.472003673067473,0.16293327698287996,0.077036296044615
1009194,12.981898271262068,0.19676425163914862,0.07637604940484485
1006261,14.059900349957829,0.07269598220945479,0.04574373412416613
1004050,13.33893030945632,0.09714430951316268,0.09029577206187424
1005965,12.433958632253237,0.13505411592437272,0.03886652183351979
1002931,13.118139532624221,0.03985402831595805,0.022567031941545603
1002850,13.229434439582855,0.17462911855699056,0.08276602751498457
1004812,13.718407217195649,0.08735542906811052,0.029702458273370112
1001224,13.508644720354136,0.1383469291176738,0.07139280954874647
1013303,12.968870972314106,0.1367256949160246,0.02761139475701664
1015960,12.201977996323242,0.1371885534638096,0.054583494932879756
1015809,12.59573021902478,0.1672076578832765,0.10807038055695019
1011639,13.06006547819027,0.09472612322529711,0.04954257980188194
1002795,13.975728404791969,0.15501972704053896,0.08926135363028453
1009896,13.765180140950575,0.2125400869260925,0.07236305048503519
1009483,14.025902101909425,0.22696876035824642,0.05531985334569476
1008581,12.430685930437733,0.20317276188451958,0.05988077050369464
1010942,13.004220858831895,0.39130246023131193,0.10780270911504546
1016107,13.167465634706366,0.19944134134297603,0.10454510519939779
1005636,13.464099310773,0.25347899797440165,0.10863631888268269
1013098,13.236524230855444,0.20757421214114447,0.09416047352596049
1009066,12.579893229214946,0.09966919581640112,0.02772921745567114
1007964,13.255209532681125,0.04832801143698421,0.03518675649973762
1008324,13.46364136732393,0.22088678550897115,0.0838232707812262
1015720,13.207075787164865,0.18305601046094763,0.08437996552427897
1007512,12.740664874349903,0.2743373139371587,0.1637574846071631
1004945,13.932614312308933,0.1055817062079665,0.08646883524785554
1007852,12.90339201383354,0.20871130048864525,0.12511856916474678
1000236,13.489001425992287,0.07755200154944153,0.060008777548418865
1016109,13.710204798083296,0.24854416735890553,0.11627999043356967
1015733,13.239635882914461,0.07760754999592957,0.06815933637155905
1014043,13.0180710573949,0.20398118086914283,0.16952420157231665
1007768,13.431352099950054,0.28295215244895466,0.09833084236107857
1015747,12.780549495636528,0.19108051351395006,0.09793230249378565
1008835,12.865024755740164,0.26012650776218094,0.0806305362396626
1008031,12.603053802749589,0.1353740005980543,0.0659587002809903
1006472,13.002354617448283,0.24327558645911593,0.11126470506877136
1001596,12.722785191992955,0.2609003618599267,0.19220180201660264
1000307,12.750183152518387,0.21516553147579465,0.11025059532334763
1007258,11.36402830227974,0.36547402178129135,0.13662637697103527
1008919,12.200027303689682,0.10429128879680677,0.056777442863770206
1001854,12.8032498258316,0.16979855866659405,0.08677843882287015
1003406,13.055283763954392,0.24875183661829786,0.0986414836774291
1002473,12.971421542271736,0.16646849376151304,0.0951242877247472
1003865,12.386876836635537,0.13170948330995333,0.06586176875081444
1004344,13.265383368715598,0.09858062082798574,0.09156500816732202
1001765,12.3713753139792,0.33576557791895606,0.11844797155730188
1011273,13.097896726883727,0.2018598315423188,0.08565466138338394
1009683,12.794445833109128,0.1901415165357488,0.13739600440630945
1014894,13.967723987498985,0.14941721060482635,0.08004740293495907
1006677,13.190257804137184,0.05894271725187626,0.03076655883095611
1014804,11.515343462008998,0.26737081846202065,0.10526633018148114
1006722,12.866389651345294,0.10684529502238803,0.07330108958563827
1013596,12.175789373081253,0.18813683461969255,0.07705546434949231
1006003,12.37038774873944,0.2105685603957229,0.07260026409396697
1006442,12.544739820846472,0.2052793591194144,0.10827825471246369
1011875,13.591611854226993,0.06655573958902196,0.05049244353552407
1002951,12.86949152512743,0.09951565046310812,0.05563439587062793
1003304,12.790093700248795,0.2812342651437593,0.1435175905177806
1016078,13.670587287558028,0.32142230209775075,0.2119169279671899
1005523,13.027062543889429,0.27787244473774964,0.16206224141298298
1008597,13.211049164938364,0.13237905619009188,0.08385029279988038
1013559,13.400850651710737,0.17229966144096814,0.0676011994719086
1008519,12.811711437647778,0.14575957964140193,0.06600642525234436
1016675,12.765751557545238,0.23011059920221327,0.06872262793629517
1015498,13.410949946771261,0.4835390865400361,0.29739187400548245
1002620,13.477754972216466,0.18376285755449903,0.06688543789559878
1017354,13.571385991909958,0.13529816974154563,0.029545349148257405
1001959,11.972639938678356,0.12606753262508297,0.09320579446357861
1015438,13.497298696873601,0.14544031910366612,0.08980420538377114
1004796,11.565234978415285,0.33530490377145006,0.15297687849814434
1003521,12.69353975341267,0.12948975634023988,0.03687929165157362
1015331,13.58855843399079,0.1294501245401783,0.03492820139183242
1007225,13.43321182764152,0.09781992934144225,0.034967084417964735
1009677,11.769713524774247,0.3228451848196471,0.11829804420978744
1005995,13.243332130153114,0.06359986466736482,0.04760365542514486
1005494,12.569314520240312,0.20102956944597053,0.06087539642788147
1014713,14.115664016518176,0.11071087879357568,0.042864259757217645
1014656,11.844005376920379,0.22009839201669562,0.09572999498894957
1007340,13.45032095784005,0.19236280607565617,0.057112865748580634
1002970,13.346887620954064,0.14768155694293061,0.051728861854767
1005171,13.12354926300312,0.21748857728821308,0.08255342606844719
1001665,13.154483637038545,0.08809714342078576,0.050125926324421075
1007515,13.25853769328461,0.1618767316491843,0.11354312649585735
1003644,13.055284675943504,0.19141446230605394,0.07910495817976133
1009626,12.994905486223404,0.14917177069367277,0.04300061285293501
1013005,12.880436996452508,0.11725457138288627,0.09020126067750298
1012028,13.368146426800976,0.19567777861768706,0.06403595875125655
1012171,13.44679510761211,0.2217483786959017,0.06918004279413319
1000686,13.97716274842871,0.10256987722416507,0.051458411081509545
1003194,12.709495783817031,0.1670850832416346,0.06655382519145261
1015037,12.705928948208914,0.23490871798565913,0.14135044791363224
1005519,12.365060193392708,0.27153517343158523,0.06603192170703227
1000003,12.136325836395322,0.3243367632022521,0.16150432173826745
1005003,11.955815758743881,0.07755368097268096,0.04315393360954339
1010161,11.81255810060685,0.29296108962241274,0.0954106478436199
1014682,12.624242947124493,0.07416617830643368,0.03169555959396631
1013849,13.129615216218589,0.04422615373128966,0.039482403944231144
1003308,12.320478356797977,0.14075782356721572,0.04387992726023812
1010866,12.581510927740672,0.24346694163865437,0.07633976842922453
1014044,13.192043247486524,0.19547327577506393,0.10822117848888875
1010669,13.219785100758711,0.044918482736540984,0.016906750978330116
1007108,11.665770457372053,0.12835456950658114,0.053640709915527794
1003935,13.80276960653761,0.24797169752744516,0.07646400387711198
1016594,13.259415319266434,0.16469511192303907,0.05910377191030301
1002726,13.213917099865858,0.0900390622290999,0.056700855674183384
1011788,11.541434448438244,0.38091173921973703,0.12559221611748791
1007540,12.64692274045064,0.23580446309887987,0.06442086608116919
1009270,12.87637584051442,0.266802165468595,0.10517617669689017
1011821,12.415208500158526,0.20588890945676552,0.08588363722452849
1008868,13.258398332396084,0.0854263029548754,0.05425732220329022
1013406,13.221494668975254,0.06975935768375197,0.0445473174453655
1001577,14.020559643464539,0.3045493557100758,0.08648216804652237
1009205,13.262151353361949,0.12624532310560468,0.047946164319219685
1015765,13.843428386442582,0.08474523082071382,0.033005692715761654
1001075,13.694875924463643,0.17597636963571067,0.08300294994116061
1015829,12.030357217491272,0.10671913972024588,0.0701638064041764
1014103,12.424127880350579,0.1670687657267914,0.058487312729592414
1009003,13.687681789468138,0.18239165023646625,0.032295222566126346
1005864,12.117237471057445,0.1917345951366335,0.05468592659684151
1002309,11.576025025620536,0.1877734766259201,0.07459437714513749
1009640,13.244134391198367,0.11122078330626105,0.06795666261572991
1001419,13.684073480258883,0.2658336534875757,0.13652785516889568
1008265,12.79870271038453,0.13652429455991807,0.04719939495233811
1002265,13.263382080939683,0.06549953117274654,0.04085866615532003
1012822,13.249936388812447,0.17075809070155493,0.07119549335761374
1017552,12.631783870162224,0.19362529612088436,0.09584991205812356
1012682,11.820447165755823,0.2523545487885861,0.14835689607163274
1001336,13.639758347427623,0.29644422542333393,0.08887289645027786
1000642,13.064910651720552,0.10166950728714608,0.042964304466257236
1001737,13.357585337206626,0.0653464933400601,0.04642638570779819
1017346,11.651531187540144,0.21872301262574526,0.08793956440490704
1007895,12.182788800374917,0.23570213529741324,0.27757909635484856
1011043,13.518844700106058,0.11110707641980382,0.045104169845363244
1012793,12.46570813443268,0.24405193706380646,0.1341633914867744
1016730,12.712790187760204,0.16716087757174913,0.09114176360705027
1010314,12.452921152631793,0.29662103683542596,0.0804538327900474
1015450,12.22317284980811,0.13564659713618601,0.040534161879666006
1009492,12.230372403579539,0.2518647740215354,0.18698648144782948
1007092,13.615222751601408,0.16313801923543836,0.10328078291369666
1013677,13.204771742321418,0.05759138513953918,0.02675834751425082
1004904,11.971439979416735,0.26664421820905604,0.09346921745220772
1004679,13.84882364814189,0.40357586823278746,0.09096278153308099
1013516,14.057019633386712,0.11998242769301057,0.05726293946016863
1012328,13.111824161953205,0.27447813669643883,0.07659174215796741
1006448,12.603186561835741,0.3132171938188104,0.1090837497019727
1010902,12.668792646303977,0.1586231973234573,0.10911816213555087
1007933,12.930707002035495,0.10057781246212658,0.03827358097776115
1002134,13.57527947438311,0.09269747151279761,0.09378900870256832
1010384,13.356599970484162,0.11781632165292738,0.08522367558910293
1011618,13.401732022029947,0.10173054851427096,0.09141260685747848
1014427,12.98187021083936,0.10434361090729515,0.07560453638152022
1017540,12.669771943180024,0.15468637323723658,0.0601138668958016
1003500,13.677740729949512,0.1502031048791752,0.07154540607493733
1000253,12.74340402581551,0.35250220722268005,0.2388592154604455
1013471,12.860135510465339,0.14156316226480053,0.0628349981723564
1013522,13.62714145883173,0.2999927059991315,0.15753968277109523
1014832,12.669442150114692,0.2250681357273809,0.09649909247954741
1001632,13.072358036427488,0.08422854791257942,0.026654523896395898
1006158,13.500816938084919,0.1814188661950108,0.09164674622582855
1008705,13.937654019935103,0.18841450521187023,0.06685405288814868
1016056,12.728335918444772,0.13930297434253988,0.09123497100153032
1003562,13.38963586034028,0.11380341379957538,0.08804849086949335
1005095,12.817545335291044,0.2675015496098873,0.12761161738465965
1006016,12.284631182789584,0.23832334962111643,0.10546843349498942
1015387,13.219827504235539,0.0754196221650356,0.05050123898277953
1007326,12.67376943433557,0.16376088668587283,0.05321326053499146
1012987,14.041718956726779,0.17391770620524333,0.1713319175004061
1003607,13.898214340590927,0.13186440228460997,0.129951460498496
1007441,13.21541586357283,0.2208250826383641,0.10926684067781318
1010748,13.389320503960134,0.15381431319244243,0.0584061971500995
1004432,12.628502113760986,0.37055582760475186,0.13397329793018622
1006739,13.103536382622279,0.26907047985077376,0.08373405433004574
1002331,12.990209057300076,0.42690484591190203,0.1514949582542624
1004745,14.119008080861054,0.24066126280791567,0.07131592627252543
1011592,12.353247810874343,0.16931979667056257,0.06484597211699984
1010249,12.063685995624292,0.05213793756113343,0.03423326285708364
1006934,12.535693398508249,0.3542146704046687,0.10716055469482365
1012170,12.701753182178827,0.1504874925953006,0.11150920764139478
1008556,13.136955911043374,0.08249683346591233,0.028434357423530555
1012720,12.637121208865965,0.28797078142335414,0.08397285891600392
1006724,12.645594394267633,0.10176947621194812,0.028089368526741425
1014867,11.790722503974624,0.17657102566585162,0.04070482449901123
1017112,13.187487762965281,0.15811597079513864,0.14141554571222117
1002539,13.031336118149547,0.2932139578153388,0.11035249164797697
1008309,13.520959469123857,0.07984177794815678,0.03238848942093242
1000260,12.445557683439512,0.2806412236515251,0.1794129277982263
1008455,12.972637608438244,0.12628371645144226,0.05155222881386497
1002465,13.436743556490034,0.06635303818659839,0.02245299288410382
1011731,12.427035596349887,0.2549512096371133,0.16289399459013013
1014440,13.022358835219686,0.14114209167297226,0.13958746853557466
1011594,13.797712409278736,0.1665115660957567,0.12646225464506702
1014135,13.530809235779506,0.32789135328959473,0.1894295278049566
1003366,12.944402375496344,0.23915361172270633,0.06089421769538773
1005802,12.658257953581264,0.11215457836789038,0.053696368935180504
1013084,13.390908933845083,0.2530582704038512,0.16287716686008258
1011783,11.991857013580047,0.43888349976671165,0.17363493222897203
1007862,12.026498698803744,0.3654067291727194,0.18186389899653319
1013570,14.008405599311157,0.17863723031151615,0.06687936818559789
1006792,12.168128533919075,0.3724510693453755,0.1431533660402855
1015024,13.130496271721672,0.1256170204247186,0.050594127288584236
1011916,13.595658616390194,0.13453446946105602,0.08782164091586998
1013045,13.273041299705914,0.10900263796534662,0.05212032579977345
1001469,12.309166901256061,0.35494492761079327,0.127828651056807
1002123,13.049528950307975,0.3393379689225848,0.2528125305660502
1013558,12.367481728302446,0.12433805609618041,0.029161353104985164
1011331,13.476006539675346,0.1272169088336831,0.04486231881686049
1011112,13.051896775305494,0.23009775106268276,0.16620369085007702
1016335,13.813978706029557,0.20223397529722048,0.05996272508029709
1010293,11.657850722159765,0.18884589690492692,0.11167931680770865
1011143,12.464363749077586,0.3601961909399959,0.07603937151628606
1007708,13.155316308584974,0.11777161172600782,0.04928849545524028
1014561,12.70470225236413,0.24952690425410187,0.0637553546958882
1013036,13.325112169184584,0.11368201651088249,0.0667799993306674
1002365,12.741295392040568,0.17844986003121788,0.0954432202565857
1014986,13.755763163656928,0.0862633422693875,0.041815578295827875
1002621,13.629804801911883,0.06166810674451704,0.036888923784032156
1011336,12.535629464798165,0.07735982177390219,0.01836645744433297
1011559,12.606488494673897,0.319604688065481,0.1403963728714659
1012275,13.39532479044587,0.1790303063684811,0.13097156824671685
1007531,12.859874888390383,0.18261892925597045,0.06507468904946276
1004665,12.844089916022638,0.11058953673415034,0.07786097390471164
1007623,13.02394124928865,0.11851013532002014,0.08188598651211343
1002894,12.881053913851161,0.27604434307858006,0.10408326055212808
1009887,13.146886606504395,0.09355827337365909,0.0174545818137384
1002932,13.394750009533649,0.14256016059195956,0.048800986964678945
1004109,13.139554430688504,0.16704808818105482,0.07300066105807353
1000747,12.97470243154836,0.177433580996512,0.11966057054244454
1004648,14.043629527345665,0.25926548030045266,0.07320680681509234
1003252,12.690194270988096,0.2747002165389219,0.20397926217806733
1007206,12.939684143180571,0.3483117005569499,0.09309322921903539
1008907,13.061448182656479,0.1657266343131728,0.08505461541529649
1002160,13.753014283099473,0.11104937073172849,0.09700002068914876
1004463,12.70339299521811,0.3875133729115277,0.1989891275230683
1015584,13.875427101073358,0.1464022215388463,0.0778206846521002
1002168,13.382748784876613,0.14990238645307088,0.10094404336152779
1008077,13.153448148264403,0.10004753740935439,0.06881590155625794
1000458,12.844899213090896,0.20281526225070629,0.1367356809855084
1000707,12.533532092146602,0.12541201266318905,0.05535750077784651
1001509,13.186003878739955,0.06111016632289719,0.05624666845372208
1008765,13.436662338229,0.15415522589584355,0.08769774822084811
1010354,12.564174507527818,0.18111378518332713,0.06965152894034926
1002817,11.92561078521519,0.24695860454071666,0.12645528562117916
1014217,12.37827074650855,0.4143317285462304,0.1185858576428636
1003531,13.420719811068658,0.30400291320754463,0.2079056966730969
1007079,13.24589571275934,0.5037551031027684,0.1766106280667876
1003484,13.024376534321945,0.2583458232399921,0.16696278179154622
1012425,13.342403045207417,0.26234843912820255,0.10886037083766976
1009104,12.863275223613838,0.17079278277958476,0.06828049064712924
1009894,13.611027961392146,0.07613821232273546,0.04093406177441619
1006835,13.041522242868318,0.09233874506426634,0.09851579251708903
1015534,11.839813955446779,0.2284859806927446,0.09482049302736903
1011500,13.593508304255659,0.28290375216266733,0.05142558629920393
1008652,12.497370803053931,0.26833114505555755,0.07141246479314137
1015228,12.659695885011258,0.22392857301880525,0.10295902434644019
1009717,12.696649483149246,0.2831992831709016,0.18848769537757706
1016244,13.342915549639375,0.23470383649293322,0.09034216209535431
1007022,13.33081837149277,0.241273074431606,0.08239128139952615
1014522,12.045053746148673,0.1513224466265542,0.06115086899769065
1011297,12.809464311780175,0.08697726114919123,0.05523632815015894
1003360,12.948635078799507,0.20580127635188197,0.10162851802505588
1012041,11.936188181523027,0.3083424556904831,0.16224359516696935
1014397,12.839529363310477,0.20931961951169348,0.08875988735387765
1017177,13.056602426451315,0.20447514590706964,0.10446954749377776
1014778,13.889407672319601,0.03218831734726603,0.019986962253390632
1008343,12.51769971472506,0.18731403953178985,0.12484247164504221
1012415,12.988355057189873,0.14249165185577198,0.05085143644163725
1002442,12.477780758184458,0.19453702166863945,0.026100263408171783
1011202,13.271265689022977,0.1244542530833759,0.07716245217915463
1015363,12.789318419504875,0.09637028656327751,0.03734300747293958
1002735,13.582386067547647,0.171841734047716,0.055175791466072606
1001044,14.004894425926063,0.23260580364814426,0.09284441561118625
1005211,13.005625201289005,0.2544996601659236,0.07725457003298015
1005369,13.040137663858985,0.11271496946466775,0.04409736540722836
1000090,12.77282465559698,0.10624034227492637,0.03329585906299333
1001417,12.686848069852608,0.2711534441947354,0.11834626269103653
1012958,12.72414428683226,0.21929801402232343,0.10706238900297615
1016088,11.968621294783654,0.324510981219885,0.09655006065593602
1000084,13.006004779745197,0.10278865596900709,0.062055243643955295
1007821,13.172651801456098,0.22486567260444584,0.063471924269062
1007374,13.397495373604363,0.17183024372676395,0.154323926175037
1006185,12.784923048420119,0.06323647999357232,0.04357261613777673
1001951,12.894338433112772,0.3343350419634641,0.09933431823101188
1006068,12.941374698366495,0.184406659110046,0.051680680019367736
1001575,11.816948901079448,0.25327283674292767,0.18121191785979732
1013501,13.724987104866997,0.16994639006372128,0.05843855832837419
1017062,11.9879683322405,0.10346844022626303,0.04332221015005065
1014365,12.785966562111742,0.11483331505752821,0.0503515320905758
1004527,13.260312880635894,0.15023126910607543,0.0556182528301364
1010707,12.886520274340945,0.031983358703711696,0.025593030655775652
1005952,13.046058683832221,0.18494213489766603,0.06316544248888908
1004586,12.392393913757376,0.3265941562807903,0.17600812985959782
1005330,11.900082804272982,0.1754029699370161,0.09702793308918707
1010615,13.518932186206884,0.22373069231029244,0.0983176731548282
1016054,12.589103352009891,0.11428092163330368,0.06523059119470206
1003964,12.588552122200307,0.39532326853697014,0.1341058623415766
1016022,13.757685024588607,0.07990808695248887,0.04609162153502372
1009884,13.13412072727165,0.3390467216071008,0.11063240085860439
1003769,13.623697250757564,0.21726625987621254,0.12324345440838387
1003276,13.469987682464104,0.27087009888241775,0.09165943587658348
1013986,13.435343844453696,0.1549934449003899,0.06852090477584322
1002164,12.704795603699244,0.324982001191695,0.16487519841714474
1014328,13.330878385139751,0.09378278471842048,0.0735977105821166
1015248,13.4039530542076,0.1662683550819171,0.05207958327273623
1013495,12.467825929815547,0.45529861859183623,0.11448463398850528
1013562,12.418102156503773,0.09538030064584255,0.03739222310460784
1000615,13.39164624638717,0.2485452811421062,0.10110407146560187
1008554,13.053008129533133,0.18588515251047924,0.04372908563249012
1009487,12.374772930007419,0.3319406449549761,0.1276991319632189
1013258,12.969555539408983,0.3538520446615738,0.11894639602454384
1012034,12.105775029849482,0.16717283691112955,0.07094593191373003
1012580,12.614877161692752,0.13725670847492288,0.06315684357767766
1006272,13.510229942133623,0.27421587647437523,0.08230332365600275
1007533,13.041525827636605,0.053016432506201555,0.06146361237360513
1017003,12.981307683864634,0.10303472959402125,0.0692658002418596
1006266,13.313161582030027,0.2375656446391056,0.08691396083515447
1005733,12.9552828171904,0.11896431998437887,0.03164374533504824
1003038,11.96431419736741,0.2075422213702877,0.08957925413644206
1015007,13.115104937499035,0.19065762176513923,0.1684719985223411
1001875,13.392463836320925,0.3695155149887391,0.14495626630051495
1014030,13.531634841459566,0.1180951299667674,0.07662590795865887
1015265,13.89029306592775,0.1875495511511977,0.08318478528452679
1015135,13.109935125665283,0.13998897764049634,0.10240192799086732
1017341,13.035260427863856,0.04835775142579575,0.035780971082533294
1000992,12.699075207240504,0.18901976467095397,0.09105358773035438
1007250,13.873846557419816,0.12234225792271207,0.03107162377141727
1007404,13.217826369985016,0.2787304986699715,0.08549104045919535
1010753,13.970336574863639,0.12554958565168925,0.0830033193378991
1015440,13.02588102429912,0.09443366416280564,0.025264040518765664
1009528,13.296144562780107,0.22209003895677568,0.126434647470969
1008360,13.070732039964378,0.14313889533319163,0.041109136004845725
1005990,13.620840812643848,0.06798652684793488,0.02557616595146843
1000439,12.664580836613505,0.2847317558852329,0.1530883614888034
1010307,12.175147460785425,0.44301786087059314,0.2948454049458019
1010295,12.840890742120447,0.12087273831602131,0.06727980022306514
1001482,13.085947479266821,0.15917158272934528,0.10784048286606494
1001037,12.862151798132746,0.2531187903968701,0.08050357643950762
1015413,13.960783193509638,0.11850947828820033,0.05973223973930698
1012283,13.022848493810166,0.07859548596015188,0.04901172214849352
1010093,13.990576497343165,0.1852267156214004,0.08363705146110292
1006440,12.292465406116422,0.17929865504961642,0.09371890991024895
1007304,13.37648609287826,0.10047737898814113,0.08441221383652256
1013199,13.062051583160587,0.10962525789947462,0.05577643336858045
1016878,13.122899094189188,0.1533216991166341,0.07090442835663925
1012062,12.409100750196828,0.33910116256257905,0.13486745275744416
1005196,13.152766590045838,0.13608299579116695,0.03675453968113165
1009907,12.968494485109705,0.1052659593460415,0.04895233125108616
1003283,13.154413783354908,0.05573743543426239,0.013352354816611942
1015987,13.06247298749649,0.14415384375913587,0.0762879105330215
1003153,13.090002106245155,0.09797017683689735,0.08034940658953241
1015179,13.938183426592468,0.09031230741531307,0.09379133823124984
1016950,12.223806345087052,0.32081273639013086,0.13816869947473445
1002482,12.953227400057239,0.32219184086343505,0.14758238470058196
1014823,13.438066958944106,0.11208995068155485,0.040838573890590195
1015132,14.057795818162258,0.08270537005105795,0.05610775652488502
1006004,13.439140026533757,0.16385430288302105,0.07822077936794473
1007529,13.318413046208365,0.09771842618301593,0.05772153765830427
1017582,12.718163029224925,0.24905092610772991,0.09915543975403916
1001152,12.820167022541263,0.20305465787230081,0.09027646835856526
1008938,12.536752744507703,0.16171291552677905,0.07536500801837133
1012764,12.424865069795201,0.10545045264703598,0.04294911145593643
1013851,13.79616363039915,0.2040467891751706,0.06632038575757689
1011149,12.894522985281558,0.30459268771834974,0.10533013495417944
1016146,13.678858124479369,0.19786875097490675,0.1656622875130953
1016207,12.31903750864157,0.28772677465995194,0.1872665078768401
1013365,12.40226574560817,0.3615410286557874,0.2517086180234922
1015762,13.584074484782812,0.09979752590764765,0.020811682212059462
1007412,12.463705185122247,0.2520339191687025,0.08166660073722823
1012547,13.767646101481494,0.31164340052905287,0.08294913914658855
1005735,14.051431741305711,0.11303097765922461,0.05850953709977189
1000859,13.522008977040032,0.24120175013388798,0.08528948249562589
1002956,13.827727165817276,0.22723394999189783,0.08923879423453966
1002887,12.918075240023695,0.18961998367736912,0.08329253615795641
1000812,12.389553290433128,0.166960557508263,0.06330571705736747
1010874,11.779325750793305,0.24733028740062493,0.07555047799694645
1003992,12.84184095029462,0.15718871038780693,0.05246255686939778
1014610,12.927045822874623,0.09364322687386707,0.04239631972308942
1016302,12.954432945539557,0.29242231486816617,0.13123788420322627
1007805,13.009507840164389,0.2100373806639501,0.11498811841740043
1014396,13.20154682444857,0.1572108538993044,0.15260902474889207
1013698,12.891090715945667,0.1575264042456035,0.05613741915106198
1015367,12.650231542064367,0.207560727292619,0.10209528587370291
1010442,13.371880388632336,0.19545057154432097,0.08385647263379518
1003030,12.993717473962194,0.159820923346766,0.061420080476761604
1009259,13.118800306748597,0.1695652739204688,0.15327029773758255
1014371,12.81394167382212,0.49616681221962744,0.2500650180773941
1006602,13.218148783534295,0.10755345885639152,0.04048450399584621
1009814,13.708532798600897,0.09982990961233736,0.04935011663428251
1002211,12.984370018058788,0.2880991899349097,0.27272274811374375
1001989,11.791099750760202,0.22770199451356082,0.13349153817766485
1012991,13.109764672522447,0.12885276278193866,0.04822994411321923
1013000,14.163507604041033,0.20840484056914085,0.11146611058815278
1015403,13.711089625148638,0.05326319127614701,0.032395813805252735
1015818,14.063025161803372,0.08404683130524919,0.09578782821764861
1008217,13.888518460698998,0.1689415279042345,0.046467837963623096
1010987,12.030414826222389,0.24267580876443529,0.06912403576117945
1007615,12.328388385892906,0.19882174868209804,0.08228798542780931
1007701,14.06076742191182,0.2175055992395152,0.08578394398636209
1004068,12.565104985237474,0.24185717859127284,0.09879696731631843
1003996,13.371760056275376,0.08805054101688319,0.05188134644296703
1007695,13.482086341421986,0.1530407337118491,0.06545246270347123
1016622,11.977018791898757,0.11076606901708179,0.05516665598590764
1008846,12.821962696516817,0.295578405876973,0.08473203898894797
1014892,13.217190622888713,0.10983999539591101,0.04558172952050558
1001183,12.54989497004414,0.0794248198242593,0.029755822478685873
1005865,13.008844206298242,0.3060255418866589,0.13211373637287727
1004891,13.242398943760131,0.22181605574655872,0.07968411795709653
1003305,13.116624579498119,0.08190487552401973,0.04798631061187981
1011606,13.338896271854844,0.08519432300004069,0.030160188375661676
1011211,13.33009667658263,0.1064020859844043,0.06425022068619617
1016763,12.560512391250532,0.19844562870688695,0.0771616682246759
1003848,12.856247694260778,0.23120304496069372,0.12674322281057238
1010658,11.671783913562061,0.2113235249305011,0.07023108040789125
1003771,12.984514691506805,0.130898543949458,0.0630981613237007
1011781,12.816693340411202,0.2159676359722026,0.1197647839545157
1017265,12.594830088461597,0.14641201414223742,0.0967748739723956
1008489,13.209874571789001,0.18396744369112225,0.09243377221970704
1011467,12.235890074737283,0.14251876699187765,0.05743602331703039
1001269,13.386696504748363,0.11058395945265113,0.06304686970478597
1016659,12.721624471022986,0.3609299490268922,0.1766828886730929
1004603,14.139091819708032,0.060428038719789606,0.07371923593908625
1003147,13.044338558731768,0.23523160769054385,0.11333562226718498
1015145,13.573245631249657,0.11509114983260545,0.06186850087549823
1014562,13.884424519514996,0.11231884327974946,0.0784377510164477
1000776,13.152810902739624,0.21466851668522688,0.07656421662100632
1011320,13.117080221174323,0.4190169470479566,0.08392418509871637
1017009,12.035324443392618,0.5313948596185386,0.14886058008136874
1000768,13.245007759929576,0.20063704524249087,0.10199744385014857
1014256,12.651770787983383,0.2780626885293132,0.16848314483505814
1009516,13.538312455430226,0.06991820823804276,0.021073171975074644
1005627,12.382944653497765,0.10333016213558655,0.04774116076725753
1014267,13.629498444474756,0.18096977164029743,0.043602231734014854
1015941,13.727843867082802,0.05303236729208357,0.0279322421343253
1002858,12.64682930867631,0.09196517076711432,0.06723374466573301
1009520,12.280049895609428,0.2154977528962492,0.0564049978910272
1006504,12.679111666228637,0.10443414182950904,0.06336030341120076
1013773,13.10856865718269,0.15187692319604346,0.06906679365335126
1005895,12.516554144324461,0.3909292825707923,0.12579910208443726
1004417,12.764310876348503,0.17248608387577474,0.0442614602840729
1004110,12.756909878802782,0.17302850025916577,0.05550471518467491
1008948,13.305337574699262,0.10314051006722773,0.04787206584026502
1006635,11.406811995590227,0.3557235432277382,0.10895594017486893
1005021,12.865367077996611,0.21277956789453187,0.052886146165095675
1002002,12.758542799798013,0.11910909075610412,0.04705436958009992
1012402,12.814974436983178,0.1104146966759536,0.03691741502689552
1004118,12.396261000521017,0.16963810983540853,0.07736180197760698
1012950,12.657659681235776,0.12260422017379072,0.0496600768141915
1004001,11.636524713874257,0.24014321017272927,0.11577485625725342
1001973,13.301930627141692,0.22704389945237524,0.08851649396768971
1016454,13.143999466876616,0.13465190056500578,0.1030408375652875
1005481,12.798326148885565,0.11116035503403161,0.07970054394253806
1009989,13.398899144540989,0.03937533398346201,0.007531662912796194
1009858,13.783832632905586,0.12049731006088886,0.08478084435458458
1007680,13.164320744873661,0.07708241007989501,0.03258948847749641
1002807,13.213126721720556,0.1926477101702948,0.07501445564775396
1002796,12.074737052642975,0.1311275296667254,0.1484413740776818
1010823,13.01431080755357,0.08096257967744537,0.031881618561685615
1014474,14.131876384078163,0.19587272430310604,0.04998481730414987
1006495,13.388640931983163,0.11512370799698327,0.07528362866042361
1011933,12.523359829937178,0.27138155775129824,0.22754044793090228
1009623,13.810344341671128,0.0924719970473578,0.02971753009622903
1015890,13.320342160180681,0.2252516958646555,0.2062622277088635
1005265,12.84834022616572,0.1318446368890785,0.13655611874463203
1003731,12.812738880600756,0.15908410839159268,0.09266822181771942
1014670,12.621641742878488,0.16947064877476856,0.10054455259122744
1000051,12.002145318835446,0.24452365337429097,0.06028727189466383
1012548,13.0396118918187,0.10998171838743726,0.05734857327378219
1016168,13.45871085324134,0.22104104718685058,0.08598629749693781
1005425,13.106186176857518,0.18973660921362928,0.09829398934974476
1016493,12.67249754611443,0.24994483535304365,0.13161498585223808
1016637,12.251677212618915,0.1863113235639137,0.11383341945098703
1017323,13.86030739048961,0.07005922224852107,0.03682421658451888
1012922,13.295931118586374,0.3834641799204592,0.2104289663338752
1014686,13.829857451264681,0.2799018787155416,0.15551952712166645
1011165,13.335287939541224,0.06029766689616195,0.03436305294479386
1011795,13.048872086726448,0.13012001345361984,0.0771538844160979
1016220,12.937991300700142,0.1063852370688156,0.07078891853830048
1005859,12.835382002266389,0.2412554910974821,0.0902257645730818
1003313,12.663772643812019,0.2303793452159285,0.14823489470711904
1004817,14.12656194655542,0.14152547028693388,0.06787486430707097
1004505,13.899172143292093,0.1800452823422745,0.08257273850910217
1005969,12.525253759788514,0.09430991948982502,0.050534834759105154
1015926,13.2065900869085,0.05166839977771002,0.059597115179990126
1010517,12.564084888431994,0.40129216478329227,0.09013776620704618
1008855,13.342132261930752,0.34898931288308854,0.1843786743416265
1011913,13.441926418234635,0.30577339714808943,0.11382651281120312
1012642,12.927520431983318,0.18089797565541982,0.09821324770414776
1005801,12.617562119694142,0.1893330389295081,0.10469470372652509
1010904,13.999473121101488,0.24868333921798944,0.0879678731417262
1012607,13.786397707455084,0.2338164045751107,0.07558298080814335
1014523,13.573585785596537,0.12802979427945968,0.09242373197943693
1010718,11.41041714478559,0.26519602692646455,0.07038056318713405
1006248,13.305658575460118,0.06444704625169403,0.05089338666504296
1010134,12.267757116832362,0.29053332752724,0.14712193386008296
1006530,13.147391261515098,0.3153841729690204,0.2797666087551453
1000282,13.086462637029001,0.17683493914127368,0.10261009881465068
1011539,11.532582720423386,0.11820601258281004,0.12423228106845959
1017604,11.988630965158878,0.1510397092161459,0.06719108040847876
1016379,13.77451528621057,0.11254151641178207,0.061044845164582195
1008851,12.952437278614443,0.3000744719287023,0.08581751309968617
1008001,12.30216642451023,0.17067133082527275,0.046638634363801924
1000374,11.61039398582414,0.27714390927631455,0.09428891424159881
1011997,12.621365765159583,0.24630300022234478,0.07855919057678279
1000841,12.593246840852437,0.35676562169877946,0.17718723191402325
1014748,13.451586758542135,0.19411137387402808,0.06278594352317018
1002797,12.450139928511192,0.2338661050168606,0.11449807172382695
1000430,12.952402171063673,0.20029188569260764,0.10422858468664062
1001341,13.034673409252049,0.146963645858945,0.09560340885619774
1003814,12.573713409914694,0.18689284752710816,0.08774158947099493
1005023,12.705312021578315,0.08812847369026115,0.04373082769478041
1013922,13.705192862249177,0.13624649425067817,0.08064108884042001
1012619,13.379011410345266,0.11255560946703656,0.07020525201620967
1009083,13.012567401976858,0.14958557137852857,0.040540455176140536
1005841,12.930000916003655,0.16056739588110186,0.15050592195142373
1005117,12.498614387849885,0.19702973040263036,0.06254538324190577
1014227,13.233061626876422,0.22654904023407357,0.08626621863784481
1011851,12.985216600646051,0.18342690706412557,0.05940908084433505
1013786,12.669340769927222,0.1458531761183536,0.08074989873678957
1002468,13.69191762256388,0.09166015839232314,0.04846430136037022
1016898,12.714263777565675,0.2712865654550979,0.13116187083344819
1014721,12.417874234011128,0.18750946955491407,0.08816144949757208
1002050,13.060107222797535,0.10222092335996383,0.049733871503236014
1013537,12.804539516458306,0.10540786388609462,0.08083667889402359
1017086,13.904831315927872,0.17212660974645408,0.08390136167625857
1008899,13.458034724115345,0.10340075110998773,0.06505804436448635
1015949,12.484183745167778,0.06674091633162028,0.012480504748416499
1014835,12.74246974910558,0.15546193627729823,0.08797425832332254
1011629,13.18396178157441,0.05974526059951931,0.037821088061721346
1001946,13.291234102543974,0.1532781296160225,0.075964854872484
1005315,13.926584141889412,0.13477597076905057,0.05711302667325383
1006811,12.580373877040905,0.4105311381894712,0.12079680024787695
1012534,11.647972965796427,0.12318949143358492,0.047450664824304135
1009409,12.799216537847984,0.16140912216264547,0.05352753895464427
1001782,12.375286650266169,0.3323362448949066,0.10852783685414756
1013361,12.515567174005717,0.28820244378824733,0.1322229956102857
1000558,12.866462344749515,0.1534895770621942,0.0897246547885531
1002926,12.857223099080414,0.10528016098225128,0.04549181688233942
1016792,12.58817892719695,0.11292234886540804,0.04809581990237159
1012867,12.654293885154493,0.35397809912614503,0.16840323099497304
1010022,13.229395355209702,0.07963033246206967,0.025729944330219634
1006931,13.13259023875873,0.05763490690961101,0.043967820719034205
1015079,12.929689382248228,0.24466498415966195,0.0752166691544811
1007317,12.327128333841339,0.32608740918303875,0.1374359635865728
1006296,12.73754456867181,0.13522020557448441,0.055072582636827204
1003549,13.090306272365078,0.19787222243112956,0.0953993213084261
1014541,12.991049137041708,0.1387133100194059,0.10319386873308922
1002667,12.939229101034407,0.3619455435551976,0.11439575304428545
1014577,13.868179242981967,0.128892671234159,0.06553959992384528
1006680,12.573220864935209,0.16923073895969598,0.08968611357027549
1012058,12.478517932356791,0.48194313261338917,0.20911536781649645
1010549,12.27522300443542,0.5705547131351228,0.20052203054124798
1006467,12.917331003731368,0.12413597889807987,0.05021402107433645
1010296,13.024027607230506,0.1792419573840203,0.07104839180427487
1010650,12.535005670289815,0.20548152253380764,0.08611450373892425
1017007,12.877718696967415,0.22664056214053985,0.11742422164945836
1006952,12.239225275039658,0.5646927887811694,0.37417478144338956
1010456,13.899373259049051,0.16204281913771346,0.09498465001534312
1003693,13.454698980568038,0.11012784787682443,0.051245560852345357
1016855,13.392162276452687,0.12325841163029441,0.10807021846010348
1015107,12.867870829169812,0.0881521878868674,0.08825747265563687
1012401,13.056866882539214,0.05834181671123609,0.031007265630717266
1016225,13.608604738715611,0.1757081639261309,0.07246191354976098
1014041,12.610641338983731,0.24435537881390196,0.11001085965868114
1016736,13.934346076441065,0.15548649343236712,0.08750022605838927
1010260,14.035659535286548,0.03988768691638205,0.05241777859682338
1012110,13.908830136231954,0.18027859917000863,0.06260759269697025
1006980,11.851746125781473,0.4162686137450909,0.16324604318128527
1012144,12.739959814226115,0.27862337210704097,0.11977334940890952
1004644,13.358012170833444,0.22976099176111084,0.06485940308876834
1004751,13.839867233282293,0.13625652765026436,0.11229620126541251
1010186,12.55239785102618,0.1278357576569461,0.04361669486948252
1006733,13.807405836253702,0.16344264546019602,0.07713766719951709
1009993,12.763554669623735,0.25205115536424827,0.13507698700116166
1000263,12.893938178816716,0.107595531078155,0.048053012755142205
1006542,13.296104089249576,0.05725152910893277,0.021351842219970968
1004277,12.276485668671251,0.12743573777188166,0.05536027252269875
1008138,12.518781521894214,0.2330067394307075,0.09307573376979698
1011672,12.51151858223913,0.43129662643346983,0.12203331554357927
1012664,13.813641934453406,0.337925283672519,0.11265208297528423
1016427,12.993545818017855,0.16624833542405612,0.02311766031575502
1011579,13.42697578150719,0.09607867341474753,0.04884426234447015
1012303,12.905766727963032,0.20904224058841592,0.1004658384418055
1009167,12.389401908796481,0.21595024511345032,0.13450475875215684
1004494,12.578364023484875,0.12797110601963108,0.03388431515619309
1009631,13.52306567196749,0.1357498027108325,0.0926997012281771
1006818,13.732743598698649,0.19420193079791773,0.07478604065519305
1014689,12.575462463827208,0.1803784544735752,0.07144683452714154
1011826,12.98976420554648,0.2094173458151633,0.0940367427373253
1005338,12.811535835700257,0.15049539367948145,0.0608334579693661
1017203,13.480854636610095,0.15984760947474616,0.054487170260649476
1001917,13.109854138775821,0.06427676340031327,0.03222618505795536
1000699,12.881406624240968,0.1480936463839295,0.08218633491253523
1017462,13.05088366183965,0.06151220594706578,0.06388494378808209
1014152,14.001823530641422,0.14499210279527572,0.033080822705579035
1008616,13.424694768165836,0.08792942082266515,0.040224901833949875
1006714,12.865258655049331,0.2768060387906363,0.06910087279182889
1014806,13.772825869022036,0.25653835663898616,0.07960696476610712
1010582,13.747385648017218,0.08236934700951722,0.04604303544328782
1012326,12.148260872995362,0.2722465751457124,0.11698371026487395
1001725,12.725062011068436,0.2704553402670083,0.3000824695991329
1003165,12.457128765648498,0.13488403845326458,0.04651437503539605
1000858,11.868110920049745,0.1581383730473313,0.1124525564978989
1004115,13.75014911655653,0.22300672144986533,0.07227730449936706
1007537,13.906036273398206,0.1280374833023648,0.06467369339441449
1002414,13.377214654164364,0.3209091878391792,0.1260693831939482
1007648,13.4819643170565,0.029824641191987626,0.020852045738895503
1012875,12.56802228401824,0.24386290901051685,0.07883470762793614
1006667,12.110499771960729,0.11914867346334206,0.04940688013344611
1003849,13.585530771900167,0.2090331362242402,0.09111471709290248
1001288,12.74723284034751,0.15914123406597208,0.07260289742322655
1004031,13.460141422273884,0.11646421450337027,0.09627558604775585
1017469,13.129232156274325,0.45281408151152863,0.17817061884179036
1008303,13.343184565412,0.3615957414303887,0.14649066259158605
1012230,12.341785808423515,0.13759940299523274,0.061705892971605704
1001977,13.264511556611518,0.15982600867984148,0.05254100145091575
1009369,13.764235683723403,0.3667509349339065,0.12340044633537081
1003588,13.30309803315816,0.16369181659210635,0.12698454101034262
1016077,13.603745422497594,0.13246434348039307,0.05634121677977317
1005605,13.718116829900898,0.4054955007895512,0.15765412022688569
1008894,13.119098900761143,0.18624930985952046,0.12109877258554685
1002962,13.4133371683396,0.1332121863781557,0.06510491718775861
1002458,13.077278147795198,0.18401012179901366,0.09534311730318591
1001323,12.793793841775505,0.18890846339950712,0.12959321000632737
1006105,13.87012014747166,0.186819222236578,0.091334080504153
1001008,12.419653849889574,0.22824479888239954,0.0921574350056222
1012262,11.745857348154942,0.2734848675688696,0.18270345925929418
1008536,13.37026765000653,0.261695774579441,0.0940457691911282
1012841,12.851806738755597,0.12231444457805436,0.040960373060191096
1010806,13.2933850416005,0.29889196612384933,0.17114976295306955
1017365,13.25120808033495,0.11693902725816004,0.0728737128703948
1006009,12.59444835283022,0.14812205296017603,0.04461842224122813
1009371,12.847646371809413,0.3406974506053379,0.1952672483805139
1010984,13.375272976536264,0.23832038999780572,0.09154952116572833
1000593,12.676540207919233,0.3987294473616482,0.1618454508766348
1008095,14.038265510153987,0.18698975950927377,0.11356031433604302
1011039,13.999676176408451,0.1435808095466754,0.05724708087123453
1009294,13.738651616039801,0.2065715374850364,0.07953437802876107
1013049,12.686645743726809,0.18605198601823303,0.08644415155222723
1006305,13.989670048742942,0.08277283977284007,0.02847585839994546
1007735,12.416186340801366,0.16520060736139272,0.05548980593694309
1002937,12.977215248105642,0.11818568387125916,0.02704270698093846
1010576,12.693850957186442,0.22421388031595688,0.09200931692554516
1006126,12.963999494265604,0.6319272912906073,0.187310635187094
1015804,12.485048749195345,0.19359433397046732,0.05768111826887683
1015296,12.330156014778565,0.44170451209301986,0.26758012355485217
1003913,13.458752953664577,0.08403980853616995,0.09871910086546196
1009880,13.670689986088501,0.2425336518269813,0.08701294754064746
1005395,12.87048620673721,0.20165149619418907,0.1117125791484621
1008634,12.5602883763883,0.2810719308065873,0.21159300455045393
1000156,12.91937707879115,0.2306898479403156,0.07048033558390997
1013587,13.520999509772968,0.1390564902282065,0.08747370447003702
1010227,12.51841156858643,0.3824572123227235,0.18873363461207884
1009821,13.2718725509228,0.2771968164098598,0.1253866431867477
1000702,12.752817427400082,0.20893526146584698,0.07840799247181751
1001451,13.190646929212278,0.05860467672351098,0.024158683888880515
1011441,11.498020057933203,0.1794162953016389,0.03493380575279972
1007829,13.46446656360858,0.25431811961259665,0.1224509699651305
1002378,13.022862139589295,0.14476786301460975,0.06531782383318968
1013293,12.805717472636747,0.07013831711628754,0.042303820931079913
1017530,13.085955411959688,0.15339260806322227,0.031818051710662425
1006410,13.422301993188821,0.1259984240937853,0.07487223148662416
1017029,13.574744524503954,0.18569500335838302,0.09845224769279241
1007709,13.179160535873558,0.16547225515794953,0.06923072211619574
1003828,13.706152652653365,0.36020027674864485,0.1262380668357182
1011147,12.894973469421629,0.21440926271214258,0.12124739357799871
1003342,12.966722017125852,0.17500416240181743,0.13098780230204424
1012264,13.878616849391369,0.2480790194151616,0.0884164187402401
1007362,12.953022574120265,0.06664100958351074,0.06383185887224105
1006086,13.546621574541541,0.1482158140346227,0.059235327133760375
1012463,11.910324344074597,0.3559055782176005,0.19484836857311286
1006573,14.05131384268781,0.09441180730256798,0.050636925142737876
1015239,11.737668058993636,0.3577286493350334,0.11939331125916869
1015778,13.321177490805646,0.1441018205207483,0.06372169338116163
1010983,12.411729156928631,0.1537359774778701,0.06586473234075127
1011184,11.269274040924975,0.39983661800555464,0.18964671883567932
1000192,12.756487557474026,0.20688555831560604,0.12788849181672615
1014209,12.44469603836184,0.08847830559774925,0.019370518442767392
1000381,12.451019102891417,0.14528325076901946,0.09521398889794978
1008984,13.791443490313856,0.5101669575572013,0.09788365432897096
1004257,12.693706660565576,0.3457235751014336,0.2165289368179361
1005015,12.576161482177932,0.1740666970281489,0.049313140134210454
1007506,12.639960127914959,0.1840362060280986,0.08280917631006891
1013489,12.48673984113839,0.22648771122505906,0.11223388029498678
1006727,13.186435580265185,0.15934732305623164,0.03571783887621393
1011765,13.316155067256627,0.0966221542699208,0.06597939755288007
1010121,13.026120945664761,0.15646882588488226,0.0746205262816038
1011955,12.281004810173108,0.2171558269241101,0.06776525266995508
1005434,13.04154614710157,0.11932797924589136,0.07402172673216946
1007809,12.652701527020772,0.09438335591081307,0.05868988622419666
1002568,11.791863832887858,0.29605970864980685,0.0992897435479913
1017585,11.519810076295334,0.1755567084886165,0.06542171163595112
1005282,13.071042963495048,0.0919402612022415,0.03029795553074834
1016778,12.98127154724499,0.09254365180368987,0.03981353545002121
1007672,13.217507373439593,0.2780365088367406,0.06053016910841784
1006318,12.56471480741544,0.20429123907990407,0.07265505807158291
1008136,12.183803072646057,0.17132917251421703,0.08486719510863029
1015915,12.732356246061252,0.2138374219128579,0.11795094376036681
1013529,13.177809633788913,0.07088158672482853,0.03583057909053798
1011735,13.17202473472922,0.05414743003079313,0.026471347405995053
1009715,12.766697276087525,0.6505925198834148,0.14503038679050595
1014471,13.262568289566003,0.18707421997739637,0.15538163246686607
1012217,12.505453988704039,0.3774984636883516,0.16517914285325078
1002038,13.836357230737526,0.2413645841636407,0.10137802500393725
1014350,13.541738056718872,0.06863759793394078,0.04831846515510064
1002287,12.897962427614715,0.15406790999211284,0.059400934217692526
1000611,12.206527727110881,0.19735183833288425,0.0679317969959718
1005983,13.80830027704083,0.21175350026659384,0.07989291914934256
1011286,12.707795128656523,0.3540944540520603,0.1367063290634198
1005633,13.819780794037825,0.14631626321502675,0.04552567219852877
1011299,13.013323617492253,0.12868017676337193,0.08728966190420666
1015221,13.96020585750603,0.07809895912861788,0.04623405973955211
1001826,12.202783677096036,0.31892626591884204,0.1865292396729165
1003202,11.952963788211571,0.22318643561145743,0.1274262886940882
1006752,12.951391086177855,0.23857936339380895,0.1588673869612302
1017312,11.961445235209442,0.18190002941601038,0.18016357596202773
1008513,12.837719476507965,0.1500789595838658,0.08515472469451149
1005097,13.065407642067518,0.09686321511362868,0.036982065370805874
1005057,13.08296276141945,0.05020919439452559,0.04196938966936797
1015736,13.066128294091342,0.21086854416884682,0.05801590879041338
1016746,13.190190535148682,0.09839294703034743,0.0998285392010223
1012518,12.977327315856437,0.0667918922232901,0.037384060938897366
1007239,13.118281506677045,0.15010546340004036,0.06061982780354894
1006607,13.91522582473703,0.14806580442248787,0.07255604969502788
1003611,12.819795840818827,0.16423779826836316,0.05403253069157884
1001198,12.041663871751341,0.22167058258551905,0.08080042740629197
1013815,13.09516617350679,0.11859129071038434,0.09495440124042316
1012807,13.581672146257326,0.2193572550892873,0.08337183833036413
1014483,12.966791951633377,0.39760344540416503,0.18260252968068752
1015706,13.053706281665528,0.15661931105821206,0.08729267710148227
1016372,12.977139209735071,0.050171100031043935,0.019401133800134782
1001829,13.228636140292915,0.05777331890453202,0.04183219512753577
1007014,13.190107863365464,0.21134429546394318,0.095554601000006
1002343,12.343864209962065,0.1550152653719531,0.0601990029204446
1015102,12.820033618079089,0.14666664762455192,0.06226772350286222
1015611,13.038026228835363,0.24693551936878794,0.09749673774953387
1004021,13.303412213453068,0.2709890493648182,0.12813145257894948
1003301,13.41916930741965,0.19005350568918028,0.06714476940527792
1012789,13.364405004531136,0.32250981314573085,0.18752022314079378
1014896,12.255412421504934,0.3786496152584178,0.23764208415133706
1009052,12.08109120350551,0.13576828972989127,0.03697585004140008
1005918,12.661940450533615,0.20845157969875378,0.12433201594163075
1001216,12.622965859329192,0.18880210282298995,0.10183665685509834
1014400,12.660055902583297,0.26133172553703804,0.2898023659654139
1006015,12.861655133776837,0.0653420027102078,0.03471357134448506
1006903,12.71265663568071,0.2670056215626265,0.07799436465231438
1006147,13.226143924612899,0.09813861094115554,0.047842907433157944
1007923,12.580462031119765,0.3305264803207261,0.15089782274137412
1014155,12.633412516917316,0.16634882261790293,0.07039771387418339
1010033,12.180422963341373,0.14041425342317834,0.042026106249725366
1001279,13.056159695422117,0.04072462617441198,0.04178664239520584
1000267,12.81320291021592,0.0804090463431966,0.030766204909474168
1003215,14.036170695261415,0.13108188919973204,0.0928068799119021
1005849,13.25938787286968,0.15271327235718118,0.08212500345856598
1010911,13.767864259525489,0.2677578380673144,0.16929288004617987
1015305,12.914349896364598,0.22124305194403554,0.09589543921006331
1006024,12.473780657025374,0.2401370684163254,0.1162990425005813
1003560,13.94405547777788,0.39186519228412753,0.08898342810574525
1002965,13.38937628726886,0.250878901388823,0.12565906502464755
1000688,12.979726704388106,0.10953790912209795,0.025991637101021158
1016994,12.993068028691939,0.197894745446158,0.1454034702414116
1012353,12.220415117268407,0.1668489737344318,0.11293827708690456
1015782,12.069208951056382,0.2617145049434867,0.23230441478145272
1009559,12.997113018906472,0.2175875072044799,0.0780296271601246
1005472,13.630254977710456,0.06777479326098759,0.03376955099545164
1010541,12.569089618304531,0.19668896148740592,0.08636493332312806
1012566,13.238488502891812,0.16903368235220403,0.04182691793324911
1000040,11.664383455525147,0.29318601222481083,0.12202917860751887
1014202,12.88635833679492,0.057100698309942584,0.06933750348693986
1002975,13.782397371439487,0.17236762666421535,0.07070249947724995
1001963,12.711611230388536,0.30272154907976445,0.15068652817766873
1014700,11.517668059676696,0.22354401333449964,0.07937484722416506
1009497,12.974116287492025,0.37871794602482417,0.1082666482833891
1017297,13.449881529489673,0.1456556060681374,0.0489923609483028
1015055,12.546768754653428,0.33005285270701246,0.29993690347972185
1004041,13.359529154699091,0.09946698454991572,0.05798742343536494
1007743,13.192190504737097,0.13041102002668065,0.06635898136021741
1012035,12.961345142174784,0.17783899716721285,0.041170379548900855
1004567,12.867025035658314,0.05413926203677234,0.024624952358136144
1010955,12.017797125246297,0.3786417526140827,0.19061545893168771
1010081,13.016665034678724,0.1338156677336569,0.07497380620162979
1005858,12.699604336791765,0.24123868512506136,0.0736070561040952
1005266,13.103468062553363,0.1184264257737505,0.050498470010502616
1010072,13.661546683694691,0.2166295993097514,0.0920763194722543
1002945,13.484712377573587,0.18724810499287614,0.050849238057233875
1004953,12.79113398216097,0.1381158352631247,0.10964004662227103
1002773,13.731615253347352,0.2505510260605747,0.0793610526798556
1011236,12.017008679728363,0.1309594227963832,0.008727980586307098
1000527,13.848953430857836,0.3960023667804563,0.10920629693712845
1004708,12.58316441267972,0.1276661877424693,0.0911661183860275
1001995,12.124731306517086,0.2765582801689148,0.10409381346118379
1008610,13.310235270004222,0.1384049303883336,0.050100392142253175
1013752,13.329489381450218,0.3744229227532844,0.12962171986485427
1003704,14.064614016029767,0.15349003598303265,0.06888466175860068
1002268,13.025217834965405,0.1901604114906031,0.0672927838335698
1013081,13.254340740936366,0.07439148443536726,0.04170746823237547
1003487,12.60123489594352,0.25309723824508096,0.05515235308750946
1004575,13.077600987060475,0.2036331658647078,0.082113089578579
1013027,13.073021264910542,0.32655288021776746,0.15566380520271345
1000485,12.654967501398502,0.21728877460564222,0.13643599052444605
1001847,13.202851226248926,0.14250663983547596,0.06758714296198355
1011880,12.73474948806078,0.1529414468794428,0.05880252053368584
1007439,13.858266418967059,0.11137894567808519,0.07353465220036134
1002125,13.799855914178053,0.04372357157193812,0.009029857630439245
1009523,13.520831765020558,0.12549145807260914,0.048395072861601274
1016529,13.356039791805317,0.038674057331740674,0.026126217386298542
1001231,12.764671036832091,0.1146415703200982,0.023986300721125845
1003041,13.108122393584308,0.11726275456552855,0.030105707229395855
1001591,13.441436154636685,0.15902512772370458,0.1429539994584853
1001868,11.826816874587008,0.5644728681435698,0.19780815158422935
1000401,13.77899912214642,0.20487266346964236,0.11182964430713457
1011435,13.084986818385309,0.1435926872956182,0.0815714284636774
1002672,12.498474107192047,0.13887922690526827,0.03394311534922551
1013477,13.15855804626991,0.35461982061160235,0.0781219310054888
1000535,12.846515642768757,0.06637263415447815,0.024644891993764514
1014557,13.000294287317706,0.24518557556334689,0.10489623193575874
1011117,12.866710686709848,0.2219958272995293,0.06385320367710867
1002862,13.7728287887301,0.1992099300809382,0.07754730413579071
1008377,12.569222805859111,0.15455381682180552,0.04208837796989059
1008622,12.860076925686121,0.1784889758560929,0.06572036194975306
1016903,13.183321279801634,0.17490583826978562,0.07937427522930587
1003509,13.844897370962142,0.13540830599341117,0.06286159791757658
1004523,11.779378720753687,0.13611293260979174,0.05607608213978346
1014918,13.528439250247722,0.28615224527654576,0.19496482854671765
1009835,13.479579639388088,0.14290540939892074,0.08006806841857043
1014063,11.49302675110126,0.2174622619350163,0.10293745254194533
1017058,13.598688984540168,0.2510978996457941,0.08141261515402205
1007416,12.222351210243472,0.1060880426744435,0.04712285294206251
1008056,12.470601411720711,0.18477702379552388,0.08121221306966363
1012808,14.12568399030039,0.18036824240635882,0.11084466108411938
1003811,12.803607492217793,0.14527917684913277,0.1391155853499832
1005295,12.553439073743288,0.21548881072514506,0.13615205588074797
1001452,13.762358864837573,0.19179695404067404,0.09205838977463995
1012845,13.056950902248504,0.39056570292923315,0.13153842899529866
1014879,11.463400062626485,0.3150178140548636,0.128565740556719
1000121,12.827136934877723,0.06595830982233497,0.06047408700061216
1013438,12.243562825315903,0.26288695504990994,0.1625511121023181
1012038,13.636645238199781,0.16896846011063937,0.05053735611014939
1004758,11.903818164182747,0.5156204291352546,0.14553034400029918
1014133,11.486302888253325,0.34723867386542856,0.13926933999866853
1004861,12.701210435622963,0.11118898278928079,0.03128828085937818
1007866,11.58642228010063,0.1747202807179331,0.10338912483843328
1004061,13.173747749618048,0.20022397956243296,0.06038286993982516
1010116,13.538569482021295,0.20298314264705472,0.08250075681505177
1010077,12.139383804398346,0.27367097583602484,0.06878928075235759
1005122,12.883279927825287,0.11679352749691906,0.04755762289602682
1016916,12.681608015865848,0.12729008418098062,0.06781570390369623
1005742,12.998542931774738,0.12051992170043091,0.044842709210713705
1015491,13.727966335182373,0.1368438969560465,0.05115954712585441
1017111,14.165185775091528,0.31283408357896647,0.13734435460377675
1011645,12.835560412674901,0.31078794484395134,0.18246592292457894
1008529,13.174302091642156,0.14408580366443327,0.06726406488646061
1013350,12.893131433135373,0.0819362824449465,0.0739037340802931
1006715,13.459252707486169,0.17892813973267194,0.08883749161850163
1004095,13.179735503762602,0.03753141405588116,0.07704731997871361
1000706,13.21496762000606,0.36724744232182494,0.08944546064984252
1015453,12.327557302531797,0.2586415328680406,0.1097170469297276
1000015,12.470862351803367,0.45531104255759247,0.22066077962177108
1013364,12.720482269256996,0.13891580026144937,0.05508101397758609
1014285,13.19095011621054,0.07806169994805857,0.0659349897570288
1012007,13.105258060992789,0.11709081282649324,0.0229127748110016
1014168,12.441891532962288,0.1546784273888046,0.07489408412293383
1007462,13.078229763350976,0.19500505822299186,0.10056051004898615
1014546,12.032424754281253,0.17481733407097377,0.08933449685951723
1001538,13.663512149703731,0.18868513511026938,0.10955238623221447
1007604,12.796115367122034,0.08136700682610376,0.04318593492546676
1000940,11.883373358383082,0.14741943372834215,0.04942664368403225
1016820,12.870651564986005,0.11284665910769291,0.06397669567403493
1005869,12.56834330569437,0.17442522539423755,0.05304012907289656
1004714,13.067144058106871,0.15826906141894642,0.05313304417410656
1011556,13.050743445953223,0.2098082888283853,0.16274366807158502
1015323,14.08361859421341,0.15709057014640937,0.09332821934207543
1014006,13.416222714746795,0.1798137891162678,0.08807674128547748
1005358,13.060192500820634,0.1582671138430246,0.07589703689980935
1011333,12.837763393889041,0.09757551354418821,0.04861198483437915
1007759,13.237686466933113,0.11782445885634794,0.05585286172818731
1006509,12.768398705695693,0.2212255487063871,0.18661533960457974
1004899,13.35509961053912,0.25629831370442246,0.07668076031169847
1012819,13.43875573844522,0.05854078746542136,0.033162362542254534
1000019,13.028354720522884,0.4658284982491177,0.19299756713823918
1017088,11.905443234836929,0.24199372922632398,0.07167623765164037
1005707,12.85986309794175,0.08027204973174507,0.020802916803069425
1010499,13.409356817345849,0.0916729340007904,0.053111214447344075
1000995,13.16970277694285,0.1378014236746957,0.059549786846891696
1010340,12.95611078683514,0.08247102821917976,0.003577010550457837
1002315,11.816199077183196,0.417438866056202,0.15395805333189944
1016738,12.843554206369893,0.14689269546158407,0.09728520655978823
1007834,13.186054042737636,0.1551967812953223,0.09642225738768956
1010145,13.292471122613673,0.2943594661030578,0.09876407422588535
1015431,13.586019055015042,0.7303783695070796,0.1575372734057558
1001701,12.919769614868057,0.06381172480988873,0.022886546788372014
1008411,12.87205465473114,0.24070959462389074,0.09866080353350817
1011967,12.341605233292583,0.2820578918861738,0.20089286896383324
1017189,11.930296866873611,0.18750125256282874,0.06544062447109754
1007667,13.880022702945983,0.14358457689476314,0.06974877177438854
1008423,12.907079401707676,0.2617940250126601,0.19058972717957706
1011734,12.71673881878078,0.38444336957925285,0.14299852249294337
1000830,13.521805968378368,0.10907424254518264,0.045143131655298374
1011830,13.27985043084709,0.07955701195553612,0.045630723484097344
1008432,13.336803033907833,0.1917025242539597,0.045797113376255395
1015976,13.517844753804331,0.19758142850014807,0.0625366354474883
1007996,12.577255681784527,0.23693610939094537,0.07988123637131059
1008108,12.187898222851645,0.08240013631659308,0.026309766087935428
1009879,12.492539652641245,0.18132775533276468,0.12251901273709549
1001674,12.802671506269412,0.07913282201909641,0.04107889305401255
1013161,13.27289018951314,0.14941070730422287,0.09007567080389024
1003268,12.240446850678662,0.13551317496607024,0.04419308816071581
1014966,12.504110263754173,0.35700497186661617,0.1069365388317695
1007725,13.53240474570515,0.23688832292824288,0.09623955373662418
1013076,13.255259505328704,0.16668181094503642,0.045068232388174215
1009175,12.975412017992403,0.157835800430604,0.05568245137411287
1015707,13.326757832546347,0.18063459204804858,0.09889679571026919
1006706,12.837440755457997,0.22704971657369635,0.14527366517698945
1011892,13.600704890643074,0.07594452552954252,0.07551726519169065
1004360,12.03599444800769,0.16474850203442865,0.05698721857855744
1001851,12.920092594647329,0.2672557388683203,0.12732180383523384
1007530,12.92980778760512,0.17062026638917838,0.07867658106996199
1016184,11.880736181588128,0.3446170124895518,0.22233895732093728
1003208,13.986707342476068,0.12598054850700943,0.08122963987451325
1012164,12.96396659352935,0.08934748262759022,0.046252734080119255
1011077,13.908680458738182,0.09258693512876148,0.04296848800508392
1008594,13.497669496815986,0.14203629498428347,0.10110597672422476
1017352,13.182963195513288,0.12117995336404616,0.04241606024632569
1000517,12.669565111367989,0.4548781666358257,0.19850333643800822
1000061,13.111709965383099,0.36365159499195937,0.18033614619337784
1001192,11.924249574740065,0.2119504049514412,0.05281518817460182
1003526,12.601588977443727,0.36414351470930467,0.23495522238712016
1014212,12.57433494565538,0.2436229063133123,0.2125374780009984
1009846,13.913342095925112,0.1709847939112679,0.11478875219394725
1011067,13.791021539153379,0.07433269260926897,0.061180907345237165
1008555,12.943804931175505,0.08416248415789086,0.038748721197285146
1014854,12.652325716528516,0.18934197909754436,0.10079987528096093
1003352,13.51489430012426,0.33754387340275566,0.07914458330163393
1010547,13.02276389731194,0.16415678386692464,0.0728885875082224
1001691,13.465422903857013,0.07232534319436636,0.04156682026008575
1002592,12.900162058053098,0.09751853991342455,0.045362436605859854
1008949,13.073591177372654,0.23972406214427788,0.12804378466708985
1005847,13.33282581516985,0.07059759158618523,0.023800476241211344
1003633,12.026871248549156,0.20397550901635436,0.168044851656218
1003320,13.53711700675827,0.21667934085376664,0.1654242127366361
1002655,12.08088156234303,0.2606196208833153,0.07512506300898669
1014590,13.560419971648784,0.10174752458855818,0.09338580769984448
1003698,13.516836090236634,0.22939232988865488,0.08145883597818859
1000743,11.442831668190806,0.18427207925119846,0.0672391889211424
1004472,13.055472884918636,0.12779511096887,0.07940384800862318
1011073,13.72645522369463,0.05907506282987033,0.051934944699553925
1002001,12.369424940248981,0.28195222118017294,0.12792925346788833
1001344,12.340602064527575,0.29254743491110835,0.14990441840738825
1011046,13.651484291139553,0.2732459463144687,0.08090098430942227
1008436,12.274987123940585,0.19050277126354698,0.06699447014608642
1009173,13.998957562359157,0.1401579257833136,0.04514351745253203
1002346,12.943303415287874,0.09812924396461507,0.03850650469849501
1011455,13.568266567580798,0.090564217002201,0.08418149835690791
1016500,12.97397004943128,0.2827250930924158,0.157170767130687
1014586,12.020232338732125,0.10255612561295606,0.09805105488877452
1001771,13.390246443525001,0.23730612506675722,0.07470445070692709
1000965,14.096561932052108,0.1366573511415263,0.041406124812081044
1008732,12.713691099662679,0.17759448139071202,0.19180767175227129
1007420,12.197004753015083,0.1838474426346131,0.09121273707471006
1004533,12.91620103908417,0.12595323973432448,0.044961391698190065
1014520,12.310633193788659,0.15859056516776232,0.05915927171257382
1016398,12.366684593822542,0.22934271469283146,0.15087538731428657
1004713,12.94380702687054,0.7067892439173552,0.283516070212306
1015623,14.000663399070369,0.11831764989836052,0.07329936750813296
1000796,13.05400604294897,0.0869276634862787,0.039988560286747535
1016628,13.016644338915148,0.11404993059942421,0.09122432386724821
1003450,12.842927552033611,0.210192239517279,0.09791604647148608
1016827,14.021059380487568,0.09351506152424416,0.03921848397024278
1000970,12.634884794234678,0.15208264259107593,0.13758363538672358
1002737,13.115363935284615,0.08163195590703787,0.04702101983192128
1010765,13.218907217469061,0.09235544075417905,0.03511689512391923
1016293,12.587613311869795,0.2623347400139625,0.0946851056557416
1008015,13.638518385244655,0.3775044286877063,0.11574336259583085
1011035,12.450445928979926,0.2161154286035751,0.060273133139768405
1004197,13.9169028733218,0.08044675273759345,0.08669427284804526
1013604,12.20667362429534,0.2600852883920307,0.12976775253416062
1009108,13.583718501826814,0.19599609539116575,0.08189787768136399
1013561,13.744281115440248,0.09846588302157612,0.08610648733236402
1006543,13.145556522434457,0.2747344538809709,0.1566567766718651
1010195,11.697966032189242,0.24688489712886907,0.12207718991427768
1014608,13.171470672974547,0.23752052252239414,0.1264229814483057
1008019,14.006989457081467,0.2261300280318384,0.06265241350041266
1017471,13.407896982148655,0.14597858496990082,0.06784616055719382
1015953,13.209875734139178,0.192670528169048,0.1059421403335162
1013820,13.757936717938705,0.15269631345626342,0.07294538692014883
1010277,12.140648665244258,0.31143228387202354,0.09482532866554495
1015939,13.36849753908177,0.2753937082274994,0.07004687764653213
1011869,11.734774335228133,0.23823150897388684,0.06809225859201816
1011212,13.622037765167942,0.1932036792797887,0.09016745846095671
1007792,14.097677855438858,0.17663005684673086,0.04734280927833682
1000094,11.69036692469168,0.17358336866738033,0.05142703667647291
1015519,13.046771583204823,0.048321763294265505,0.024234522142278534
1003461,14.081632285370388,0.06737720895596828,0.06105221878387936
1014071,13.34135775164291,0.08342059212178965,0.03288824569353177
1012452,13.781503506287503,0.12086381064371271,0.06730697238911539
1008053,14.064200253786794,0.1427325572300146,0.10825270806406655
1015020,13.251371945176702,0.3608732834516542,0.14591842438081287
1000801,13.396863783585848,0.23213596525868935,0.11538652143219447
1008658,12.736575595169272,0.11340758400001039,0.08467155810987263
1017025,12.928143699350175,0.0678963595498487,0.06553650374006771
1009308,12.92559376972701,0.22711141126276974,0.12251564654590974
1000754,13.8352143473321,0.2367887780580344,0.0824099559645002
1009977,13.220424914956645,0.4117299331917312,0.12566858161669958
1014933,12.93768239743757,0.28059866708052894,0.07674968130714727
1006889,12.51889652500543,0.09296207741679818,0.040086697356844024
1012153,13.120248642347867,0.5832099553171564,0.1602895616746345
1006061,12.89205902051097,0.2361565660103182,0.11952140464789389
1008211,13.166433662719097,0.197796057589284,0.06454942617725348
1005116,13.721536150825925,0.19358097343584008,0.09067914585402596
1013106,12.304664131424625,0.2091178691664822,0.08418258914105674
1006340,12.220631952386128,0.18200173294513616,0.06776207294648458
1007053,13.069076994100188,0.1426011279329507,0.040471640626678525
1006996,12.957436550739155,0.2306645757505651,0.0740880359061564
1017201,13.211071422443744,0.27097464150079037,0.08607327048048283
1009168,13.734619659183323,0.3532604862444344,0.08031777761032416
1014524,12.87190742267778,0.13961017818150326,0.06474056234864868
1013109,12.237668626294871,0.09507151102430855,0.010819653184486031
1016175,13.172277266424347,0.2410123621064524,0.11808873266547086
1000057,12.520383925367002,0.29612134490822967,0.10306786234429134
1007049,13.782695085489038,0.22873046613963832,0.18097824218505007
1007181,14.026563246408498,0.15639612758545102,0.08857065578715642
1012480,12.877016375252998,0.13847271646039574,0.12459471497656947
1015097,13.207177323475237,0.11141058450444119,0.07570185220447842
1016959,14.009081116393546,0.07774762369864863,0.033380662048941474
1003499,12.220327298515,0.3414859858296834,0.09405219379721623
1005424,11.757131200524944,0.308931764150986,0.05400399808934315
1000656,13.543748809835124,0.09676451284929964,0.08259312559931073
1015488,13.816328138704316,0.2255617174991767,0.10222869921475015
1010903,13.38603552383918,0.15151813191699937,0.032885276292587216
1016656,13.155293229817055,0.175058772218668,0.08056834205972582
1009771,13.029790802070934,0.07205161194613963,0.031274807902428946
1004271,13.422529903220202,0.08709347371462765,0.06661315679901227
1006639,14.145280957153982,0.14312060318607359,0.08177752268464523
1015732,12.055384812412763,0.30374450573934186,0.157372761395348
1003925,11.982081043070494,0.238259495461658,0.10067406497657039
1002088,12.993970366318246,0.08866906639864637,0.03677694899910303
1003920,12.900042319450732,0.10360988858320921,0.039668092977147414
1013725,12.794573717533867,0.20944593357997185,0.10103231418373226
1013248,12.588128628030729,0.28810187449781466,0.18018076944758404
1014739,13.725268702206508,0.1265970000497691,0.07496859494697344
1003883,12.602618133649486,0.18416370166067383,0.07084357930221419
1005506,13.892811885476691,0.13687094343708703,0.06925880607498282
1016670,12.795962727560658,0.08946838392647163,0.04527856602326322
1007102,13.217379511273228,0.18045390395807046,0.056427653828591676
1005457,13.3956134004252,0.2509271890424631,0.18121844214311084
1004770,13.754075210292015,0.05030850899647874,0.04693164807165434
1001182,13.125037934132258,0.1728560244559487,0.05701614246765709
1004117,13.082628158129163,0.14882815058886104,0.08051933221465787
1002684,13.253274131792327,0.4499099075382434,0.10419897655608229
1002243,12.944967386603112,0.10382923120894136,0.05382829755185535
1015682,13.781637119995429,0.30732668594439755,0.14294344606625842
1012124,13.81219204706421,0.22422991315743945,0.07563825138208052
1003983,12.756549275412874,0.1414647111780147,0.0701913778166322
1007956,12.53187050424854,0.18617920505754532,0.04907247566613445
1006861,12.93495692651581,0.10267127499984581,0.07248862837590557
1004916,12.835064805222794,0.13826005523234097,0.08429253343941732
1014074,13.054348901420695,0.12905453472600398,0.05649302793485281
1016047,13.56837538161352,0.17871512164402212,0.07046641162406014
1009632,13.15405795706152,0.2308437727372499,0.08157177494855997
1000850,11.56970313834441,0.2966205046382651,0.13053608925664434
1017423,13.441822343801,0.08867379553686637,0.05079243737226475
1000064,13.381388432376125,0.17702084507525104,0.1105227368375846
1010284,13.82150346252059,0.10148276684511393,0.04967922959586191
1009161,12.848890044869757,0.13774038767822752,0.05594289579943594
1010587,12.496193919359083,0.37555436537610665,0.14282931539443863
1009729,12.350843296410693,0.24075727266980085,0.07218277529217991
1007906,13.007418519201641,0.17318786762967814,0.09469764080889247
1015547,12.940741455238035,0.1398956764960689,0.07567088811438012
1014797,13.747564542977178,0.22522397987146867,0.1355070523280675
1010640,13.345549389948975,0.18374552865106078,0.09118272836551074
1012760,12.667100387739499,0.36325484193459184,0.1819275358626448
1007098,13.92363956344944,0.07049573558143686,0.06085412287976128
1012129,13.382495934086913,0.08748090773657828,0.03714298832899684
1005661,13.531390699178184,0.12523081841114875,0.03444803712504128
1003518,12.892815179750642,0.07353023843318589,0.07223338873602014
1010218,13.250758989722383,0.10441730381464365,0.133560977046206
1008429,13.672937308931129,0.19402053388527996,0.06419724920382254
1006374,13.41281440984978,0.09880728968439335,0.03596651749467404
1015322,11.414003792927526,0.19536852404921806,0.08598689527622017
1004088,13.437937992482775,0.46960221864863916,0.10486521836899564
1006539,13.480586961202713,0.048674707784230636,0.04539364140939541
1006735,13.379415089638208,0.11142795201978889,0.07002165958698015
1007425,12.457246450141241,0.18602240686771115,0.09077543547697994
1015433,12.76581110991078,0.20205080149156862,0.10441968693326699
1009911,13.160662713435793,0.05372460123061367,0.041870014163851395
1013999,12.400365178228604,0.2820517756607955,0.15835623131543478
1006151,12.996798631187202,0.21175310954923474,0.06832969735600827
1007715,11.726153242137983,0.14826924678087613,0.053253247237099635
1000540,13.813438764475965,0.34949753316286447,0.09847932450719689
1009548,13.030212807996051,0.07339873559597555,0.03997246579416962
1000773,13.338670412389783,0.2872976883930523,0.18554701485907982
1005558,13.394142626348406,0.09724445799789476,0.04206012144327036
1001120,12.628788865050288,0.14175420023150523,0.06329357021291075
1001838,12.827353455742871,0.38981441173250675,0.18607098191054214
1005994,12.715639207368396,0.20160354939897687,0.18502960434822438
1011521,12.725918944145334,0.1522214515751815,0.04842436001069907
1008909,12.811549791933032,0.09905106408181685,0.07725121691232323
1000194,13.077139222894925,0.28310631220126814,0.09499994370974242
1005936,12.762481475427478,0.3200280158222872,0.21065130398468523
1003065,12.820682295942444,0.14655676605618292,0.08742271092798332
1001492,12.39640358875207,0.3224184948041623,0.11023284319130533
1000323,13.061057342183332,0.08029453425797722,0.04390543254036206
1012981,12.732878761782173,0.1417390793703776,0.0785536028157215
1015684,13.990981136151714,0.3135742839827267,0.06993891249093485
1017290,13.89426461405339,0.16290669578273476,0.040619002547511246
1016893,11.924132098418973,0.2509267225579049,0.21516378363213912
1010364,13.679426529994691,0.36090663938194684,0.14204536533332296
1004638,11.960290348700441,0.40811436133201884,0.20413277800057308
1009921,12.68490180399438,0.10213455414935907,0.04314060590640634
1013273,13.523733320711539,0.18277434492782313,0.09669960228595059
1007111,13.608565691555222,0.3209571945790285,0.14160001919567222
1004872,13.633742421100719,0.28339312962751034,0.11959878190671973
1014213,12.688904614504892,0.10726545334875917,0.04696883192421969
1009298,12.914543495021624,0.15801257785403572,0.0478156511573894
1015234,13.557224339835495,0.2596542592155784,0.08318432372951347
1011871,13.460620169378384,0.20816036636393045,0.0683953121841417
1000280,13.082675355514853,0.15187273492879919,0.05851055304125663
1013051,12.035526825268548,0.23676750803028943,0.04389649482299441
1010564,13.16306092705371,0.08674935540328223,0.06025616132504432
1013613,12.840326214467387,0.16788348067588008,0.09678245715393279
1015473,13.078099059788178,0.0606803668086175,0.06898202292321172
1010197,12.215515029629808,0.18271422152627576,0.09420025383085635
1000745,13.483006869209493,0.047212706113683146,0.05297975720343947
1016645,11.795413876253496,0.25341504146400423,0.18316079381452208
1002239,13.378704602109147,0.1433386976423149,0.08945102851521343
1007585,12.805446831815518,0.13581741636855602,0.07160331897296496
1012743,13.502404092229668,0.08843598187759506,0.0343637545031679
1012496,12.618282535778553,0.11224796315263763,0.05126408814646262
1000780,11.954765065349287,0.3440262767602118,0.19996296073267714
1011812,13.36375099056715,0.20348887470610985,0.049987938701570575
1011439,13.728906803374123,0.13939811461585272,0.039128106666622885
1006445,12.41299810726465,0.2711726422733605,0.12033787051567586
1013829,13.422707028907345,0.11524388477537109,0.05190007296732029
1008599,12.703591868590342,0.2851400969091669,0.09343456311586414
1007716,11.75988414981817,0.23856013345152494,0.1102756944852267
1010761,13.673913058455517,0.10147647856594848,0.05970778367551619
1011292,13.236745586693624,0.14160372171181126,0.04936261726998494
1000636,13.494202976203413,0.10563684002772628,0.06447036929342653
1012689,14.001867826198453,0.2331404501850555,0.053596325525813795
1003679,12.100878343435928,0.15546140200148661,0.07053682146030618
1013135,13.67347723122483,0.11943374402780585,0.11958610753445197
1006976,12.828304967852219,0.07936637177322266,0.0005545197595478415
1014118,13.067082780411804,0.13742523251240474,0.09735803593321209
1016121,13.356906888787279,0.17316053927786101,0.07952882435239439
1004984,12.81640793424198,0.15390269514357388,0.09236670909363758
1013722,12.75695677727095,0.16586568967232118,0.04641105597600409
1000234,13.215517969989575,0.05457145251406716,0.013703453845670968
1004723,13.896940700478224,0.10979963265038215,0.04917676401551974
1006469,12.350468606972399,0.22308608368938979,0.07135085046812539
1009916,11.841006086324844,0.2504207255554925,0.12518089673502228
1013137,12.701231054425348,0.25507565337466925,0.06222301925937506
1000375,11.762499625961217,0.12059866514491765,0.035962970455508815
1003659,12.710572793521205,0.11990629794229131,0.060075325371814293
1016100,12.257356908462556,0.15099214118205911,0.052013535340666446
1003164,13.115822641254718,0.47309187771421857,0.2905123912031578
1008649,11.991573326113105,0.07579178107410064,0.03920459371229405
1009109,13.000644932991543,0.2142441947446628,0.0952956386238611
1003008,12.350363759304335,0.35114547364793386,0.2229436175098003
1016365,13.347954972805846,0.15148419553773168,0.06970478301866546
1009730,12.695780355999652,0.2510679841392778,0.09929921575223373
1014674,13.058125242015333,0.08316236617982783,0.06733762840819016
1009932,13.709249061889206,0.11130389632899229,0.03946155685447104
1001672,13.565098773705628,0.12335911287403883,0.04312390070078494
1009861,13.264801558633112,0.09857789992317131,0.06404022875950001
1000060,13.261791339192705,0.1083582388508632,0.07238090671948398
1003822,12.398078151472504,0.1700553900193369,0.0922085688514112
1014746,12.562683568167463,0.09799350306137915,0.12709562647110875
1012242,12.50809114761075,0.11402527681314628,0.06751315442320964
1013054,12.970983980719737,0.10180972116737474,0.058473785470268984
1008708,12.981166369794042,0.36430735208541803,0.1421668480250228
1017235,13.589392705127741,0.3250019667728226,0.12585693946126256
1016229,13.0549508690343,0.17381859697603314,0.09765676278066858
1011431,13.755492998240452,0.23243174748347653,0.06972376282618462
1006257,12.3717964969176,0.3388220990398235,0.09966261879594702
1000139,13.40653542427496,0.06345576197485234,0.030810525100296065
1001842,12.005767666354293,0.4062628323375218,0.10045892314355892
1009214,13.45574235659276,0.20903604183281888,0.09338089345932322
1011878,12.997810924216864,0.062109656326791024,0.0429942136598977
1011009,13.318041658387564,0.21485835864323288,0.07909562154721765
1007562,13.477476314232286,0.11296432064346118,0.047532513755062504
1005134,12.937849804714318,0.1953191664452211,0.1404147866723629
1002071,13.13974117142984,0.08934270436917888,0.04535948867082551
1007429,12.862588370562355,0.1478453499260705,0.07282501143589049
1011368,13.284066854576745,0.20918081986011516,0.2093610879742304
1004027,13.023211575550944,0.27614222000737104,0.15361681205655708
1006396,11.973764397734486,0.30054845556214915,0.142976397337411
1016441,12.670345829141931,0.14822564110069394,0.03138516249106983
1014672,12.031188855614673,0.22210104576628786,0.09333201452752735
1004217,13.292077678803235,0.08900042647926389,0.057648616460794236
1008800,12.629124311313655,0.2358188080317502,0.14107710656810366
1011027,12.456090787888416,0.16800253571921042,0.09961061437672852
1013974,13.959850971091608,0.20700160480195456,0.0510143843540179
1010561,12.373380447846298,0.2086960029643743,0.07356882413867576
1000311,12.991630333976454,0.2099200625390172,0.11885764153070262
1001542,13.758652768833054,0.16182275812306135,0.09064259330658105
1006941,14.067730175364616,0.1467502620122092,0.0817313692255992
1003658,13.214851196990432,0.08819073485034885,0.03485132728609753
1005611,13.540683872911211,0.21131189793179417,0.11618953921696158
1000052,14.141722006731145,0.10542419850556284,0.0691897666763452
1004913,13.045323191805538,0.40639367743726945,0.19689899084437387
1001760,13.552851063323736,0.15854175745688343,0.055643617435752225
1004025,11.998530621955782,0.19931340271811154,0.1339590626055347
1003739,13.146578460825866,0.14237975783909684,0.07177160328419076
1010450,13.137191377357416,0.26637809356199754,0.11211488527342416
1008924,12.707096064450061,0.19794237137753626,0.10958219702105594
1015588,14.080706387662376,0.20893449902961475,0.10711351961490799
1014542,13.421642311888194,0.12264095997449799,0.1029681112446907
1006802,13.505811144191332,0.08933740518230678,0.03082012072075501
1016850,12.242982151457912,0.2918432987312558,0.17807551680253553
1002154,13.365175816004196,0.043736746193601045,0.013009290020286718
1007811,12.011667398280677,0.23906377930488223,0.06957017135395198
1000986,13.150866523411674,0.15292824710151967,0.07012799596238757
1013648,12.28385897128098,0.42135552512995395,0.07009693298694036
1006213,12.883641304352508,0.2982356582617803,0.1546044968855609
1011674,13.807784400124143,0.4196799017615153,0.19268858139403658
1014287,11.628453701958536,0.2546561248729114,0.057847452914595615
1011691,12.331417905063025,0.20734748264489375,0.08932318757269202
1013387,13.284552144150163,0.2234304741798269,0.1276423422098462
1009357,12.18836978904384,0.30074062674950236,0.08103581793427844
1012027,12.711866169585452,0.1674527559798764,0.06289407527218319
1006985,12.44735429081372,0.2224556396147079,0.06954248533074178
1012847,12.241064146654978,0.24692914964081952,0.06935382495357686
1003878,12.223846376802593,0.1450786742062715,0.07115690798084547
1004914,13.168215538308106,0.0717956545781613,0.04962050231274375
1000668,13.300322580378127,0.25424373216468465,0.08167607055067028
1009422,12.345730547380647,0.11937457884702929,0.05598111847315643
1001519,12.21274856628404,0.2635770989021124,0.19435789852864993
1009356,13.07311604881395,0.11987294031148034,0.03574630210106527
1011822,12.978481504888636,0.2727486600977035,0.1416823024983138
1009674,13.23754741403107,0.1896959872930072,0.047422579412799905
1016554,13.644845181590664,0.27077305055149,0.10221635967048366
1010847,12.730213184418053,0.19768597266202298,0.11738869317105705
1014687,12.680368195338984,0.30205469720147626,0.10379848693711556
1017405,13.986068856462284,0.1903603206603164,0.04879700446832846
1012380,13.430935073379729,0.15735558964484017,0.09296541378904692
1009930,12.929795657551251,0.06318697066327603,0.05052685890451819
1011710,12.75379113087297,0.16294851834693588,0.08973340008440216
1011022,12.18625503156613,0.1267451840590473,0.05134091986485319
1002824,13.128095389219949,0.1683160971606995,0.054832383253812504
1017477,13.645892377142538,0.2065332240318326,0.08752218242763497
1001078,12.893461082268967,0.12983829581976797,0.09543228833296975
1010369,13.165918501641158,0.1931343897361982,0.08893973366935844
1004931,11.985506458157932,0.4477387464342048,0.12713286478952796
1008869,11.740036637398987,0.3976850893436545,0.1083780742943727
1016636,12.232449277015718,0.26464930586999363,0.11746768051963762
1014929,13.584090725091368,0.31744141057163006,0.08608571923523169
1014817,12.735978581576651,0.14716718683186625,0.10795685484488395
1006961,13.622838602796294,0.14004736994570754,0.07205535717040176
1016099,13.351186316019445,0.22076903698586195,0.10746755919561189
1014119,12.481607054736001,0.1346813222726521,0.12329910868129015
1000456,12.869665018495816,0.1678855605484801,0.08504594528702046
1012336,12.72681714614963,0.3729414842530342,0.14798613437618627
1007228,12.559067108777306,0.09951537777344671,0.03697500763426712
1011390,12.462356480998421,0.16594027473062772,0.06298453010892249
1005486,12.787605564708072,0.1941914428232456,0.08028078835450068
1007107,12.52495947697117,0.14412527843034245,0.046395446441204954
1013426,13.000267241820628,0.08484199707885146,0.026171131129291127
1017184,13.272996881051535,0.14077066506131322,0.09347785635790164
1012821,13.91979228806722,0.13419207746511486,0.053317005896169486
1009543,14.005888321760956,0.1393863473655881,0.052787537027389225
1004618,13.594984298154182,0.13778836929058408,0.07250574675562645
1007678,12.766518469895916,0.17786469858423284,0.08919030351172737
1006275,13.38500420614411,0.16353868094791757,0.07531227429914496
1009235,12.876130134665036,0.06511471841636415,0.046590519036870545
1012347,12.71402475805737,0.275977252820945,0.10185082748742116
1016287,12.42653930043479,0.3087693683342263,0.09179164839267868
1007618,13.115469497781243,0.24135894889947707,0.16105626336240278
1000417,13.206024136807788,0.08074475683109138,0.04942503855794297
1006813,12.504880733036229,0.1522882112403812,0.07685233825004759
1006468,13.941115197425695,0.29536976834765183,0.17358629661644853
1002148,12.991362275825642,0.11747248319437692,0.08377256005249656
1015043,13.354719672070791,0.16418599413108387,0.0726972719947521
1005873,11.524785778205551,0.08156548057493525,0.02882258633036425
1004348,11.597406255384223,0.28447564183076757,0.12179226531813363
1002339,12.405236022376123,0.21757002011887525,0.06138425629732289
1011116,12.765770530091885,0.24058394509259487,0.08401445903755167
1016735,12.402779817586342,0.3020051934875818,0.10665523989306701
1017212,13.665687376928458,0.14204134985405373,0.031852153811353534
1003790,13.135770561329666,0.15307339476867973,0.06694049779021949
1006672,13.348326191142544,0.23863021046616592,0.06955294089342304
1008990,13.629835339330713,0.2410507993319449,0.12131072366137148
1005030,13.769248223431939,0.3295177600605818,0.12579326482667388
1002600,13.364358100924589,0.07871994370313094,0.05062781834072852
1002387,13.162665103574085,0.13814830771595993,0.0481432621517575
1013594,13.585857362834524,0.15706933564993913,0.10189255553255758
1001040,12.388838986458667,0.2306797777233917,0.07952200288637275
1004896,12.611757510228012,0.2550800047821161,0.07807213144285365
1013035,13.96096015501238,0.2766144262741447,0.0708255473815146
1016845,13.169795760032166,0.10817204882092962,0.07959668422156808
1016613,12.552282934406035,0.07689325045746713,0.03431493611546698
1008819,12.224311190369521,0.17590645936483718,0.06044344856644432
1007798,12.407234368666016,0.5101585658536213,0.3311520727979321
1015986,13.785548194156021,0.30482559705938395,0.16400781411395923
1008781,13.326632243329689,0.21405203078731366,0.13320916592343687
1010113,12.700451040860768,0.2158486315422369,0.2065449077683684
1006157,11.94394034005702,0.2046083179949854,0.10864285944432914
1002109,13.160603199899105,0.044874642539387784,0.00805667072900917
1007093,13.689685851983342,0.21678623171379238,0.12560472322686533
1015771,12.577154641306471,0.0452362459783007,0.029606972012552253
1004717,13.259457829438709,0.1399947833837115,0.09674881637254207
1004155,13.056669163220555,0.18486951137329688,0.05788001301158644
1006224,13.708648800966,0.2414401876315551,0.14970243571000305
1013401,13.145873079021579,0.05183257670544348,0.02953882106015684
1003489,13.376013482831373,0.24099557674237412,0.06452557931058488
1016970,11.750785158524543,0.1685528479224445,0.05474912177407174
1006171,12.212984115021191,0.34876528433546855,0.16427273010071533
1017047,12.86818486717875,0.20263307139418993,0.08804031926709774
1008318,12.632138236370347,0.07986896707674167,0.04556440116842611
1006370,13.828385700742809,0.08709442605494944,0.02700894919918424
1009661,12.426424753853643,0.1090618431671728,0.05384776740590546
1008018,13.432974849956667,0.2827194065524659,0.14293187888789866
1000752,12.7811337019272,0.1149715810790414,0.06419521998798952
1017318,12.856640555630044,0.14328982158674963,0.11079119974606762
1001403,13.168660406965587,0.1461571468756321,0.060572294097095296
1004107,12.41603319162889,0.16587356874149198,0.12839560391786314
1000008,12.994243430995011,0.16344346442222482,0.09612986936673538
1001027,12.713486126142497,0.07854899417255058,0.03607637542126537
1005226,12.93183989275982,0.3101440824790272,0.1993575102180162
1012719,13.627250426663746,0.18197386371129026,0.10317287418226491
1014865,12.958041261141085,0.16271622012568446,0.07237349439385606
1012247,12.791062425081975,0.23089012111449173,0.16731426156155652
1000404,12.980488507144123,0.12905320313619875,0.09536376327875312
1002723,13.444387107703143,0.41941545798765556,0.1530563066724413
1005255,12.910649098320276,0.18771146231986688,0.14659841384368022
1017156,12.722552816756595,0.30129729471312444,0.09250050489364114
1007270,13.84098343095368,0.12001414908821215,0.06739706780271486
1007888,13.11741061258082,0.26836309106420847,0.11630589689088437
1015819,13.021513509001815,0.10610504528712132,0.051040910917697684
1012113,12.702699918680963,0.14173885123357377,0.09201195604492939
1016414,12.4333343545337,0.1633599099105989,0.07262532041000798
1004243,14.066554557049257,0.23265662181027477,0.08758384535645852
1004060,12.889783225171634,0.2584957089586454,0.10386535965402982
1012591,12.868179504950936,0.12526662112707698,0.05081654972534148
1012190,13.33539816488921,0.35434834020876604,0.09615799000977375
1015483,13.577508177222054,0.16020011604428114,0.052403904273546964
1016852,13.126133103881903,0.09125488356585135,0.04854565679458595
1001971,12.820822190058761,0.21251947482947647,0.11185543997134778
1002880,13.18744973482309,0.16213324512035707,0.06744006360544559
1004600,12.553850731664134,0.1649155031452681,0.0629483806468228
1006881,13.82337077127086,0.11584229929482727,0.04291110684799939
1003372,12.670188930268022,0.3727523193019159,0.12825932924282396
1013848,12.574510930102013,0.09026850660072855,0.046843525084371986
1015869,13.055080010488316,0.2903103819748821,0.09616785925682338
1013142,12.79897724571861,0.15225878404897228,0.054206775931898814
1008635,13.288407697854646,0.048791190214070586,0.03277037181485125
1007007,13.448512906704087,0.2212197967445357,0.09072038678378735
1006361,11.670999400913972,0.4352944603944517,0.19135970247813563
1002960,12.478263361015573,0.1843328198410341,0.05268356121468114
1001990,13.670077482414314,0.3227886077378183,0.08070303693770736
1005326,12.80419024272526,0.06216032295534016,0.04653925961791488
1006870,12.478674689343862,0.3064309802680052,0.10653072357537136
1015511,13.557831159436267,0.10910695203302936,0.05762637131194582
1004486,13.249050226558333,0.07513558420890959,0.04691010965580674
1007140,12.236083068986881,0.231424310242007,0.15432650689780356
1005006,13.736823868846962,0.26248769020253976,0.09658841542803936
1000101,13.354941523092732,0.21651761202207936,0.07596848297138406
1003563,13.519694090274115,0.21191018409285217,0.11441641473053382
1008054,12.70484234113134,0.2581940782067496,0.08727838499915185
1007399,12.828764576548794,0.16950811110175393,0.07094732628467888
1001625,12.989060417302115,0.10028657210585913,0.12653719623123527
1007626,13.155258072590073,0.1538457427533004,0.059990273198194694
1004647,12.746398765553229,0.3094523635544308,0.15149240172567086
1011381,13.11257017070174,0.08720449891742302,0.06092359963423115
1010532,11.39337012237118,0.20742865292008658,0.07771156231717885
1000689,13.094379538711332,0.2419825119183045,0.1608223304479571
1009093,13.696684988841575,0.08023815887733318,0.08622784671645649
1012049,12.769389815600512,0.18051279085402097,0.08012597734740444
1015604,13.19176915055311,0.14410597585583756,0.07979256999825687
1009335,13.082303993969324,0.03967132906827166,0.04239491767937576
1014619,13.234873781669299,0.16559840664641323,0.13610022497878205
1004080,13.031518091222841,0.30239081894225806,0.11751441166123258
1002638,13.22007916433624,0.1121481925283766,0.0595737545589678
1010158,13.068691959625916,0.057497207984300275,0.03302394097036568
1009662,12.427077860373982,0.35710532708552883,0.11577708359473109
1012974,13.006106440637192,0.06911680559819099,0.05982621767764806
1002777,12.919594352916599,0.35547675058607053,0.12416367567588583
1015071,13.639531883166187,0.2593012644628835,0.14443585630903683
1002128,12.72496912833531,0.22156479361871803,0.06668120769854319
1013209,13.171950602425069,0.25138558653775894,0.20184996844020717
1010471,13.267502538403685,0.10169323420582191,0.0505325179192329
1011631,12.469275444109684,0.19694069696799113,0.07795355611219873
1011811,13.302816884584322,0.15870184183403832,0.057252969087152654
1012389,13.067681532309885,0.4313921985523681,0.18221948614259706
1005900,13.768289204193033,0.11652511762838508,0.07524958695373589
1001125,13.449030133052192,0.18466485058453933,0.08266581935718034
1007188,13.252907668668994,0.2454518794422937,0.08800939994206855
1008263,12.314804818625818,0.5670134147458188,0.14144565842106008
1000529,12.858253342717383,0.20407847547578647,0.06033796476850778
1016033,12.749316869921802,0.06378091293791445,0.012759917618041145
1001780,12.440260593905395,0.4967070680933887,0.24217000547985937
1009032,12.465620012264324,0.1737063001126123,0.053313478475371996
1007150,12.98352088764903,0.24446706433388354,0.10143380586013041
1002120,13.200984474083976,0.1124738360398867,0.04111888498616816
1014084,13.382402077965107,0.27291307891560085,0.11383625818987668
1000114,11.553204179154477,0.13818824791151355,0.06294755910551886
1003114,13.958989149303385,0.10459383583513703,0.02329782605351858
1013259,13.195176487714965,0.39489571569313003,0.0924191960859345
1007571,12.64357769588385,0.29978140242022133,0.31365735557720464
1016773,12.808944725864661,0.1471957079503444,0.09112744947144184
1011903,13.487887497955061,0.06233644397939942,0.04116598146160458
1004002,13.494417031035713,0.229959225184161,0.08218305007869349
1003557,13.060015945389317,0.11888174897821996,0.05111694755778488
1008154,13.46821554079937,0.21834466791365836,0.10378979884340843
1003251,13.644368327673092,0.1036227600837293,0.02549793366490855
1001727,11.523490970178225,0.22110164742891475,0.0768163578734085
1008233,12.413019683561346,0.2003321611899673,0.07115963122932364
1012422,12.632986195976144,0.4141563267464294,0.15692494757165795
1014717,12.679640448631709,0.10480223101691054,0.04944703865333976
1016396,12.314428807988847,0.4079244489845049,0.1604116249517428
1001084,13.37001653229764,0.031002831514699687,0.009114734755569138
1014858,12.480936288461292,0.2277712309924632,0.1354437391956007
1005587,13.33311430883009,0.25657307801335066,0.112497842507246
1016895,12.692983269460596,0.16088738858346122,0.06640302016602602
1016413,13.324283091538575,0.2528990916937843,0.22811335211125458
1009946,12.762665606430218,0.14125512481542443,0.03663439088136894
1010342,13.114587100420316,0.24642707536796354,0.1505670233305677
1008259,13.76740038659446,0.14830371990373467,0.07031234280284579
1004910,13.47981425013018,0.09000231989172072,0.05065971605114274
1015277,13.006990039438099,0.20816715400557195,0.06642464525973439
1008810,13.964110851132691,0.2660568029734657,0.08424565577649122
1008158,12.52665841047325,0.09944249093715027,0.06061806912936953
1013528,13.505612601123401,0.0898015841122458,0.04806194027560075
1013585,12.199321245489768,0.11539961799713397,0.05762224719962527
1001212,13.032171449240751,0.37337458780847077,0.12883517048739884
1017606,13.639136409527852,0.1447311522054782,0.06641435217278344
1008410,12.000943076738006,0.2750437148551972,0.2337590759509726
1001900,12.360201870361417,0.2320426509448289,0.11443938055811995
1011915,12.83512281342089,0.13573309374858925,0.06267818779886222
1001932,12.617612145741337,0.2557505202502957,0.10728227006883119
1008467,12.115942805586144,0.26736231574646924,0.10144630984266075
1003548,14.05378335746802,0.11275440081562076,0.07006323483726812
1010504,13.176154684295199,0.1709212731874018,0.09389103550352979
1017424,12.181930247741256,0.15244317338259855,0.08190279855177177
1011188,12.659723565297007,0.1127192835366962,0.03512076556648767
1004279,12.818108472852684,0.04970628438124527,0.053938111255964455
1013159,12.603144366409582,0.10306185141223072,0.0911180159887844
1014755,13.411352184681741,0.21772098364081366,0.044256951406187454
1014965,12.713482630794502,0.15396701751784841,0.08318435696772963
1002352,13.197541933460862,0.22139842499886536,0.08469970283114248
1009912,13.265656710728985,0.16771338727802687,0.09335257726030172
1006489,12.723188805671844,0.42006726039071357,0.15711208171780985
1006486,12.023388053576413,0.15893333454802583,0.06348607664671689
1015969,13.19401173368237,0.05096065198440411,0.037455065600079364
1003230,13.208930365707646,0.09486265810329073,0.10711188430304541
1015402,13.829248112149202,0.09599911027296952,0.04542201514401497
1017011,13.100837226128055,0.16519390531189934,0.09300964068872532
1014840,13.262655452217292,0.2930140762079445,0.1893822999760886
1010562,13.807368248381849,0.15889708661681554,0.04252012263858409
1016482,13.159610270909319,0.09552741534476766,0.03374438650327862
1007354,14.013101363890861,0.15238832669911376,0.029658071191442828
1012012,12.715633116327638,0.3445375011008619,0.1423578386054978
1002743,12.688429729631821,0.2457805459893764,0.09178753401953078
1011021,13.162254135748137,0.15081388641401797,0.05703016792018393
1010011,13.474846670117394,0.17069397741946926,0.08834842171290955
1014796,13.406916313839606,0.3367522924623509,0.07745222846708902
1009596,12.815185922143217,0.1808286783386441,0.11622532525569801
1002405,12.742917426002743,0.22614039363025248,0.07882534152069387
1010908,12.02778829294335,0.4636893194551493,0.2443318488935317
1002238,13.727196318262344,0.1871178862458962,0.126610934795276
1003007,13.190668710902955,0.2960988299635953,0.30530568982318246
1007926,12.726596340935357,0.13523478848240988,0.046926033404737555
1013435,12.51922822974583,0.31310314004698797,0.17715530707301327
1016548,12.329971406391063,0.23403688815608187,0.0965853752853619
1012259,13.19817789988463,0.17680660603795903,0.07626827829957195
1005500,11.72110369975789,0.18598960226376965,0.08024149049364047
1012419,14.009550039485767,0.35530369781538396,0.10676964187820813
1005417,13.124201741695508,0.07749074833759852,0.08565157538811612
1004587,13.008377387830572,0.20969673769839534,0.13474657092846218
1009692,12.554582730876524,0.1780367753034552,0.04184682818263061
1017208,12.737810389395827,0.1980021372492013,0.1434688258569837
1015031,13.584368810018802,0.1429392809204554,0.10508427854744788
1010838,12.271952119961817,0.20309655626030138,0.11577322030595313
1013088,13.32047514168902,0.05290935382686508,0.04019196074130313
1001503,13.527353742181683,0.07384081380706023,0.06569900083600318
1010830,13.885548649545184,0.23001951003827278,0.11348672782337281
1010755,12.702849624911842,0.284654648058405,0.22227590059311292
1013262,13.0439521177249,0.2745245383593778,0.08520584941709139
1011864,12.660744113332841,0.18451349806801515,0.17063950515066426
1003402,13.040461995190169,0.132070997964358,0.08292561597013624
1008842,12.15055499261049,0.2663993802695854,0.13595485335715
1014356,13.34860264348815,0.14172520615810152,0.06723403427705213
1016756,12.20941780283991,0.3690012148189688,0.1851080654264868
1015420,12.674529610229293,0.35168352671997327,0.22437009174687256
1014136,13.200777049019853,0.2916197027397668,0.18154510731333287
1014552,13.263038428207318,0.18576457811507707,0.11704891875416418
1015749,12.82279208092703,0.19528225556703124,0.1160292168731875
1006882,12.627046521594508,0.16913756543353956,0.08149554256979112
1001201,12.99943365395899,0.3076304221716437,0.08679192056279131
1001486,12.444949211170355,0.18484640421511409,0.08142152629343836
1002885,12.344919051898543,0.37207280988829816,0.14747909919578617
1013491,12.850279649586085,0.08673797585001476,0.04767742357603181
1009315,13.301842204910152,0.16680707560843072,0.05415489502873615
1012421,13.71204138545123,0.1761850445148872,0.052552988389942566
1014457,13.233582258443946,0.03445883103185386,0.034825461202087626
1007407,12.831125307107756,0.28231854890694624,0.08601332287109287
1016917,13.136292043698777,0.18159465151432724,0.07693647541365077
1006089,12.913856050887075,0.10153359396734574,0.05332522203581493
1002409,13.72709943873249,0.10391256730709954,0.04587440062304285
1010909,12.872627847749152,0.15291568430375624,0.0601851412870844
1013157,13.083424911593232,0.19394176281754155,0.05845131236066498
1000296,13.044251625683927,0.21130832530515786,0.055789508571863614
1011966,13.19149438725937,0.15173276810902464,0.05899502214230275
1016403,12.969069113776865,0.1712526155201883,0.07816679760085891
1009290,12.366833629353573,0.3273245810355189,0.17248340353204095
1000795,12.832876149551277,0.17353058599827778,0.06986215811261162
1011396,12.837389498594401,0.11420016377969275,0.05129293147898545
1011016,12.43926947496987,0.28204137767749643,0.07890595282098309
1009732,12.767716655408904,0.2826854603238354,0.09735286025993754
1012504,12.382036768478,0.24094951110619792,0.1315458032722134
1012010,13.232123031823454,0.22342678591851353,0.06992577675374666
1001876,12.93490310569434,0.13926681634692958,0.05149672340543547
1012351,13.656011371507459,0.13226800273174805,0.047469427104636495
1013511,12.752971257636455,0.2539272841601765,0.0787836874112256
1016066,13.950418378090022,0.20251577773197196,0.14116147534182547
1016227,12.59179432797585,0.2503095205887425,0.20220926020117286
1016764,13.565913039286222,0.31537348946178617,0.07915842978069482
1007002,12.548910789214606,0.15565581627071662,0.04694006643125011
1007871,13.020301067945717,0.07328361891073037,0.05184317318669067
1008901,13.769441930307481,0.1171516121652232,0.07032073680555488
1002135,14.016963792847895,0.1427144585742166,0.05297011311426305
1016502,13.561316201181535,0.13919709625215493,0.041922268204265804
1001586,13.85451073123641,0.399166181364807,0.0928325189873964
1002916,12.78885632462413,0.17998947900470816,0.10683637152081615
1016629,12.415474865497956,0.3259971127480527,0.1945454047230773
1015464,13.44057188118768,0.298011122805266,0.236984073171331
1001405,12.403999033793335,0.23668892786730078,0.089293815068647
1013975,13.645931359417665,0.2004457620727956,0.10528611362540283
1004124,12.112831079765217,0.18584757708438718,0.08108615405646015
1017064,13.057916769503425,0.05850696125655053,0.042542936307571166
1014034,13.778805615212251,0.29155138038334316,0.09059463362464786
1013907,12.781259382443137,0.21243498705433925,0.10001410479579172
1014857,12.996904741850557,0.06858339259274256,0.06022550921956106
1012025,12.963080288828714,0.13360699302735632,0.1107488696885571
1013023,12.836136964805677,0.24441408495201,0.08117068930821669
1003086,12.544894697688926,0.23379930885503938,0.12573721678031674
1015003,13.07017391197717,0.19466501615562504,0.05624701036350715
1012972,12.274804772814065,0.16738042196650074,0.036448609455761956
1007278,13.137981341634044,0.11148168742244031,0.05332971353983402
1017157,12.082294998186399,0.1967309719613816,0.09546090018742495
1006315,12.282140156425385,0.18499242280241243,0.07479089630523064
1004859,13.021507998317562,0.06966595463537492,0.05292626207642257
1009581,12.887132578068579,0.1293349240260082,0.13491490914413765
1004045,12.508116686845945,0.1729499971719774,0.09089819177074683
1017544,13.071527163449247,0.14671529050769502,0.070572650128021
1012210,12.704559331886834,0.23435934656943777,0.09989034615987737
1000606,13.378501892995423,0.1997031528779149,0.0802487706087783
1005502,12.784651014458554,0.1877810852205318,0.081844808571648
1015581,13.487497735517765,0.1537997264979727,0.07496589106946465
1003629,12.742877479617738,0.12795660909157328,0.03569762526045322
1011921,13.853184138432788,0.2580698502670721,0.07159869834560524
1012292,12.366014525647785,0.33697544749928615,0.16195186630037708
1006416,12.843839683120807,0.18935668070604045,0.06782228046322519
1016747,12.73939946639984,0.14157386774388425,0.0620114590881408
1007325,13.878714520679754,0.2933017586826278,0.12166839149756258
1011206,12.938074761329588,0.07644325888073988,0.04380187863125507
1013492,13.507536480547765,0.3438838054884669,0.16046168552057008
1008247,13.745688132288969,0.3018119665842382,0.1994733551302987
1006717,12.306941305928811,0.2017431448427686,0.1046745453030503
1006273,12.832197126665084,0.06760125592318934,0.006525095649837017
1016804,13.689092905347907,0.30707072259447604,0.07356195962792499
1005181,11.914239555023872,0.2776101297017073,0.16786974376887806
1005465,12.08167243454181,0.1418069540658661,0.08718221723167272
1017408,12.748682917069539,0.16645091807027332,0.06568721404706375
1017258,13.96770953486714,0.1389882934349133,0.07039552104883626
1015677,13.17134053568776,0.35153210105774,0.13464794172131714
1011052,12.93735692077838,0.13567420007292905,0.07637202399459556
1002300,13.0629816365228,0.4111695849596181,0.14745995493921515
1005655,13.108876955992047,0.13140569857475173,0.05454857353074316
1015882,13.548841882860534,0.3278221680204151,0.11973133238995552
1009129,12.88353968556523,0.25803573727609064,0.16959464282222872
1001968,13.081349092841377,0.08514896324235491,0.06288355060407609
1016014,12.362590121275547,0.13329107468999027,0.06608565904053158
1015914,12.056861686269817,0.24450304239799392,0.08619388913311476
1008109,12.531602419425434,0.15636702689134713,0.08154689369498423
1017285,13.754814358867838,0.15881100646637503,0.052351185268042756
1015548,12.694416209719378,0.194891643487936,0.08071110365891868
1004612,12.63590467165218,0.1766706827489976,0.0793606640579223
1001356,13.879702946581451,0.11756160421383273,0.0520097424763726
1010515,13.395821254946839,0.42973252674218454,0.18636447656226113
1017590,13.54003509822678,0.2768870725578117,0.22458582217179834
1001529,12.694662132774823,0.3064527477409143,0.1774553508880723
1013190,12.253359217218978,0.2974056519060305,0.1705333437191001
1009474,12.773957264073639,0.27105133153294,0.16597684240687358
1013931,12.729651057292184,0.2971074901149324,0.15661205753001636
1013446,12.487255315878885,0.36971005676567265,0.2325763328944659
1005555,13.585470153437848,0.10377594678670256,0.05052613988683919
1011478,12.025546815500686,0.3989369750778909,0.203079523498436
1015124,13.6766957901116,0.12323347568023685,0.08038980329449173
1013034,13.702252166404692,0.11425096682451837,0.08732624306215325
1010484,12.650210866775836,0.12872167502816403,0.09476550906365991
1012969,13.80524234184099,0.20556870532753682,0.07509687545454687
1011266,13.57655522557773,0.22344911710333226,0.09641637537386893
1010430,13.200641388168421,0.12857071991322402,0.10444044597643162
1004193,13.48949276157621,0.3766693273353566,0.09504241756514517
1016084,12.958737440624946,0.11906671169918225,0.07293385658042549
1006520,12.920187062087237,0.2596534896979601,0.07211569883312605
1011861,11.999485780727005,0.2851034696454685,0.11885354782867844
1007610,13.035267613899963,0.2559407622275743,0.09613821007296122
1000560,11.899604809350862,0.12079140605618903,0.06021229451111526
1007860,12.4047391677609,0.25556958987257444,0.0973594089913802
1001783,12.485676226159125,0.07650901144770661,0.036118061243715256
1009984,12.192267767017427,0.15045117079030612,0.07562993710801397
1009840,12.360961970744647,0.19006479272204385,0.05655261292208021
1012624,13.125376766079206,0.3088890684395772,0.17802169601485626
1007660,13.502950729144978,0.12019475598631464,0.08635741551734874
1008881,12.878292255130367,0.07947457541267015,0.05010608280174484
1015558,11.582320633225633,0.14151276501538282,0.05489347826238101
1004759,13.332483617248268,0.261609923874153,0.07017991188718649
1013509,13.091853658836769,0.16920145738315187,0.08973273862235787
1010772,13.246993662158296,0.28357947178740817,0.08282314177494651
1013532,12.83582468515749,0.12013774969273155,0.03780885923017931
1015312,12.757493528335212,0.23523293040570042,0.11542648590554935
1010280,12.475337079159877,0.21159575944747924,0.053044240289478566
1010282,13.08927500571726,0.11095192867243567,0.0614409970667091
1009615,12.460419740308826,0.2262770498947319,0.08360571040615283
1003451,13.163601328744429,0.15079312741320441,0.0497448233260904
1015859,13.005571758554076,0.114526524123657,0.055031496657587164
1003275,13.10470551423844,0.5421246749962786,0.20321544767908029
1010901,12.531738835503283,0.1462786719643975,0.09334823359105414
1002853,11.999200553247801,0.23809416743240897,0.08609663477554091
1015300,12.392616564163637,0.29348282640190965,0.13436046529105658
1008669,13.703996727889836,0.20260594748854432,0.1438058331868338
1015731,12.953123910014769,0.21798796932262846,0.06176705963709483
1000579,12.639013325496203,0.24460981078340605,0.18652116823007264
1010169,13.534632829662735,0.19785978901191736,0.05355700461472871
1000343,12.902529950320469,0.094545385931517,0.058434007897315114
1009809,14.061479011713642,0.17830137223561715,0.09492703238255427
1009967,13.230123353749212,0.08441864691131427,0.05759744502193481
1006738,12.305982531103327,0.2419086955582931,0.06703602789297626
1017046,12.862940343984645,0.1758261720936198,0.06494330567060454
1004716,12.935808895418043,0.33181590018142504,0.12418898910441083
1003523,12.047245746932083,0.4516935586859829,0.20944242943853514
1006091,14.13230971475203,0.11145251273231749,0.06994128800391788
1001667,13.146663646809202,0.1830636701989829,0.06463342192250478
1013493,13.825008104676595,0.11215675546334898,0.039613913823646464
1005488,13.158384159363804,0.06447568298393329,0.03512443548699592
1002138,12.336917774882512,0.21140578127842813,0.18322126324143143
1006277,12.826718884409063,0.401430718538207,0.12412329240382819
1005387,13.382238550344471,0.07792601879835286,0.03587788780996965
1014290,13.58881106451415,0.15314460295387305,0.07209954289821865
1003448,13.60473771205598,0.1767220801232279,0.1319016402489969
1015620,12.528471289493595,0.30966067616148274,0.0755953063436929
1007454,13.928953410973122,0.10851537663437819,0.05736118025350372
1016336,13.728167530253215,0.21712055503962913,0.0782150233522538
1013643,13.083804983848271,0.2115404762111731,0.11035843007460601
1009837,13.118407943900547,0.35768818599910424,0.19678113741158665
1008043,14.034854524989598,0.1581179469110707,0.10286685962168265
1008329,13.283248128902457,0.12633720400475426,0.07188414029909336
1011625,13.951878101341743,0.06860131358429315,0.02856444302820295
1003539,12.039348397887126,0.1527184841011134,0.06865428377262647
1012835,13.583083396169792,0.13327312157118554,0.047707421871701426
1001636,13.440391097768464,0.029998661929536322,0.020078497423360514
1002897,13.443728846695345,0.07628798642195055,0.054733463914816746
1016265,12.794659558841062,0.4046540928673324,0.269567530432506
1014076,13.965968257895176,0.17134049346032088,0.1288314851289729
1002319,13.374403331311354,0.28120079817953453,0.11727318911927377
1016772,12.199775551419542,0.19871322378170875,0.1450813231940934
1015392,13.79158973975887,0.10092587303951317,0.033881713823136476
1002447,13.133155517425797,0.1349585397337079,0.09736538919090794
1011488,11.447441228351378,0.2575235281369435,0.0838176997201199
1010259,12.6175690622607,0.37725825958769793,0.10182855052416855
1013459,13.094384011490106,0.12711427600726716,0.05531484260578837
1009177,13.529140196904523,0.24469805612033158,0.100234559358562
1008232,13.553570758623563,0.1185750625847139,0.07308278106650465
1001435,13.578516056403283,0.18941314388371536,0.10188681725434263
1005608,12.82637613475678,0.08964294565367233,0.056503989416108326
1001349,12.248290415942927,0.22835912044860124,0.1814455603850625
1014218,13.19755908997378,0.18967750254682988,0.10468245975800167
1005035,12.635516421706956,0.3693049913102202,0.17140649516286818
1003553,13.271230160865734,0.15131907378566845,0.08392586837299755
1005754,12.522812932584422,0.12050009745333251,0.062571099763158
1010071,12.893566172383222,0.07090776263999807,0.06383786579184629
1009534,12.839699341443156,0.13324167072714707,0.09934523496147511
1004500,12.6994415564735,0.24121926232719115,0.0972532577536704
1000821,11.344584621230984,0.18032533811977491,0.06305198996963357
1002686,12.359214929352126,0.20105066043226524,0.11006962287366687
1011647,12.4131196422242,0.23236126359921871,0.12328900595457938
1002321,13.188735272158963,0.207643877664279,0.07607145971056796
1007788,13.019619758242015,0.145965670225146,0.0777067596060353
1011334,13.281153006094353,0.21879538290819164,0.08395430186511751
1006316,13.229483995780852,0.3130392227817813,0.1236755027916918
1012873,12.41714033101948,0.09497426088317304,0.042113511115376895
1011271,13.833613797653166,0.34438163218507567,0.10680081245026607
1013203,13.848088703642727,0.2520232602334906,0.07377513213176451
1004324,13.99478227361888,0.13756157373108724,0.05412742608000988
1002825,13.737960258563255,0.0688972992260637,0.017190994110663566
1014407,12.843882012564833,0.09253201732965892,0.05557949715164766
1006284,13.947523387617188,0.20516816913089128,0.08971158774795619
1011176,12.4972693901405,0.2426001130167966,0.08814008977886746
1012029,13.237882897630804,0.11300594602142623,0.04983451954094914
1000206,13.050783879492966,0.1460328210938595,0.16889452956340936
1006657,12.894138603159064,0.13152531650077018,0.061039955099481735
1000981,12.740577231293699,0.2387316306150257,0.11990035895242733
1011729,12.926460476714842,0.19770511030790366,0.09434988470601427
1012874,12.129558975152419,0.09957327623655134,0.057574723187511015
1002176,13.432325085427166,0.16913657407054392,0.04507394822887915
1015667,11.664997231836503,0.1295861315568454,0.04385233248551139
1003209,13.309184605775064,0.2042021970111352,0.08738736381186704
1014362,13.145864585591863,0.15364106401816166,0.09425940697380239
1000723,12.336487695773174,0.19252027080560305,0.0694597129157041
1004413,12.840513634966163,0.12615588731819796,0.036024916947221944
1007200,13.635482617433894,0.21261173197874783,0.08530891734014354
1000818,12.590517989043889,0.192173021151538,0.07473573444707704
1014183,13.111047426561504,0.13226799479949056,0.03957404724019
1015761,13.112009189401103,0.2251009843146474,0.06957305418740291
1015175,12.459853402696043,0.10011699849259227,0.0579230425853573
1003222,12.729287770578361,0.1781298198714376,0.12045703951376736
1000971,12.630891506988403,0.21739985958970973,0.08682451183124221
1012203,11.854211384977257,0.28136202125845267,0.08544987902346814
1001595,12.68793140781373,0.08669811699394514,0.0540966570054068
1011110,13.945484367275006,0.20520025245996323,0.10026985533444434
1002668,13.466746800145943,0.0808230647416941,0.06770510646473682
1002828,13.006382581141475,0.12378671102438525,0.05319459205506102
1009305,12.47021564118729,0.5426572036410872,0.13257296296104104
1002575,13.207559575135496,0.10547247899524138,0.05476031620906409
1006474,13.137016250558709,0.23601324660663361,0.13932225793560205
1015021,13.380807841633793,0.20633284716430003,0.10273372182607325
1002007,12.672364510565897,0.1756712881472519,0.05724858674251157
1016557,13.358222636013522,0.23580949815059307,0.15023553477126178
1011504,12.874975509434552,0.244228327696286,0.07331648424355784
1006300,13.588599558723358,0.1716115552616998,0.12187135532426809
1002509,13.368834688988011,0.16481297988998045,0.16768700272285447
1017033,12.736882033949744,0.16400658928301678,0.04696909616001679
1011227,13.441642431878273,0.08729274896071966,0.0529145431257367
1000433,12.030135936137718,0.12191337676388948,0.019855008180323378
1014521,13.919072438296176,0.1269323342854256,0.03145987321114387
1014789,12.284722039626434,0.33467787282685973,0.056962396120230484
1015881,14.105740448537565,0.1303136535869749,0.06381349891529976
1017055,14.029282298612111,0.14471124339217872,0.05009158993070595
1013055,11.910933914803673,0.35338697303457384,0.25071478185427604
1014714,13.310697872019603,0.17202208342291309,0.04414086172658758
1012866,13.531172147026517,0.47130082793063444,0.13859696581778522
1003912,13.03359015522315,0.11580290375607723,0.06109760224856525
1001910,13.982077654494917,0.15979526815646497,0.06900979429470312
1010573,13.962579722675075,0.1475715195881483,0.10923187817729055
1009040,11.762947051363914,0.2071542141713591,0.04147637123479283
1006050,12.209608851766085,0.2656590327787166,0.10475540615000338
1012937,12.233319510076274,0.18774017851873098,0.08603015277068558
1004176,14.042701437345459,0.2998461234438741,0.04772855053823709
1004312,13.302004167117852,0.09725112088199372,0.049183937858587774
1016714,12.984583024517837,0.35569373301091006,0.23838500631435386
1000252,12.936451242616718,0.2603946089823873,0.09362032624313646
1006454,13.109165328356681,0.09755811718050954,0.04380561937248154
1006838,12.363275843617188,0.15719823434350144,0.022398730179465653
1001643,12.889682336966949,0.19126788020397661,0.07955760416789653
1009043,12.84981027175464,0.38746098179445115,0.19015233665805648
1017040,12.892336694555723,0.09673708992172153,0.03324942281510971
1014064,13.525985784133143,0.25079848868057475,0.08709319450526319
1002281,12.295759900755892,0.16032183271678138,0.058473856048738004
1005366,12.706228559357925,0.21982410877767602,0.08894421000398223
1001467,12.51755939800335,0.23352051203915022,0.06492679426585553
1002068,13.149733160454577,0.25404519086759375,0.1424763219591375
1011186,12.674664283819872,0.24710600854248801,0.08948938769694516
1007282,12.73784848076113,0.15938369939341235,0.06828628897286076
1008488,12.522914654085463,0.3018306237847895,0.13866550612684078
1008969,12.541564924598818,0.28923993077086435,0.08125625751331172
1016075,12.558328811838953,0.22910668878034834,0.1006498669166606
1001986,11.778933775730387,0.21954725749374654,0.144724895671935
1015211,12.95445018365899,0.16817293955106077,0.08736110566145039
1010323,13.637566575945751,0.2479119430051161,0.13276715021354785
1010191,13.932574331616419,0.13698551076802495,0.08623622562773069
1004890,13.145423632045167,0.18375712035982875,0.10861883642153099
1001036,13.815577268326521,0.17406857740102993,0.06798360160142143
1008168,13.36041153464646,0.10642630968800931,0.06712696074065963
1003713,12.608044305728338,0.23025614845606604,0.1145588675409825
1010581,14.114372282686062,0.15001961367994918,0.07573813836963605
1013436,13.66534735483931,0.18352270106375135,0.0735699543833383
1001922,12.57328232588217,0.11692930577769248,0.09766745234693763
1010119,13.799218685272075,0.4598496110631251,0.18350193070678503
1012609,12.985675418887567,0.17252943857933933,0.09877630912483687
1001087,13.899241903105635,0.2822222509704387,0.12891153287068574
1012596,13.43760362867331,0.166174418498795,0.08753846118899325
1005634,13.467711071532365,0.1096239085610005,0.022537287061605796
1002938,12.551853704949457,0.20200053642623067,0.0735040695609678
1017461,13.286943129762621,0.2391493987622248,0.0675327762447185
1015894,12.622030745433618,0.2440504692119452,0.11141837366750183
1006166,12.469819163049323,0.18871529596898554,0.07142866169086107
1001494,12.86832698300847,0.18050958219866184,0.10064602747265015
1012168,12.942505070287115,0.13543310461575392,0.09252715038132471
1013921,13.043498745264392,0.17129101017085777,0.06386867982593412
1014747,13.714695877691486,0.5027937546602049,0.11249167499493563
1017504,12.838288888785334,0.19560634728926768,0.12025066237395203
1000766,13.818336268114225,0.09810702416892395,0.07349147018927446
1015603,11.866251528462135,0.19742728139027838,0.16162437531554577
1001089,12.450001382406764,0.16602595095131326,0.11877717171555421
1005838,12.794510137286988,0.4194594965701077,0.10987827257286027
1004334,12.868573445437427,0.12394306382797324,0.0453342892863921
1014810,12.471395401950202,0.15713531283649707,0.05105021668206386
1003211,13.070726741238632,0.09123887301721428,0.08452943541588703
1008173,13.576270031667692,0.05507977710894188,0.042907966652510676
1010439,11.69636045981168,0.09084477036295904,0.03338096307470559
1002064,13.181424166340085,0.16554886636682442,0.058585273847740045
1003325,12.766088233638165,0.27497390213675904,0.07904247089098376
1011213,12.904426742027942,0.19459504144804088,0.09754551183928063
1015291,13.325745091462636,0.13625953725835852,0.06636402727857119
1010974,12.59490982583136,0.11509449258590046,0.10440689415854715
1014955,13.233567531352914,0.2261655621089114,0.09027883606789805
1000312,12.017980485958159,0.35238350902682114,0.13020526872899846
1005219,12.869036088769306,0.1410840806900515,0.04776406723998389
1007217,12.817497368193022,0.18148975646359083,0.04524000352300462
1015542,13.649288367992499,0.13333602965795133,0.0628069885493617
1005274,13.146905169187741,0.20213783947933117,0.0493352295104104
1008316,12.346776443059872,0.2451821976828577,0.058536943973162815
1006180,13.305186851734433,0.2813281272194572,0.1834292105089942
1015463,12.773112952289571,0.12451238207676092,0.08840457091754561
1003905,13.399858366373541,0.24836381980382138,0.14750750569701246
1008760,12.498709633094554,0.197910830946059,0.07970949667476508
1013170,12.5130920879347,0.10581235377683855,0.05248816508687551
1006156,12.566630453574243,0.08213878405281216,0.027607693883980877
1008422,13.06237338496907,0.4180489154075946,0.10825941145832581
1006142,13.263658633661395,0.2508587898527768,0.11353583522251226
1010287,12.951108940606588,0.1089937768768475,0.029733450634894933
1009461,11.664640754266474,0.2622504716003147,0.09167455447369886
1013748,13.637551806253782,0.12795459707954332,0.0365094289668734
1017570,13.175637601880661,0.1853753002767243,0.06486694302762644
1008286,12.173602383397379,0.2632544088092462,0.08354715644648542
1012453,12.40834657435865,0.2991685688471795,0.08893296814764202
1015999,12.619553169569313,0.2543244055327023,0.0855474640455265
1014266,12.568661634764274,0.201951197994778,0.05516153026051639
1016891,12.939840991600187,0.09274550002727706,0.050306276612971594
1000155,12.431364995898202,0.0671296313379903,0.029751113371753842
1006567,13.323928195681543,0.08919134606644259,0.059591139680675934
1017367,14.069002046868855,0.38934611622934784,0.122293403718526
1002136,12.928068578311793,0.10078179429406248,0.036343861485333265
1012558,12.592709601519543,0.11481588459973764,0.06766220586671802
1013498,13.553209646686096,0.4206618292990673,0.13437269444009128
1008268,12.642127400971509,0.186850494362649,0.07607076317504427
1005389,13.037534723930792,0.18744955533938717,0.12302120566420427
1004908,13.33389008920765,0.1335504942582609,0.03882910504566956
1002657,13.299908227167066,0.11217536533954352,0.06907211084688682
1015708,13.689617073086856,0.08487023116002831,0.0417565107108809
1016176,13.341153361794667,0.13929581108785166,0.03274271901802749
1008912,13.17339694028232,0.3541550475598441,0.1582415909642868
1009974,13.757912003870585,0.11025990930401017,0.020207001110598966
1002021,13.5975304752423,0.12822973877164423,0.11890716911259441
1011376,13.173209399962765,0.11836028072243798,0.05178824176099156
1005050,13.951269399871103,0.1310251224414205,0.05766375456462242
1010170,13.336209514199377,0.18533928724560766,0.09220149993939895
1000016,13.588685688773644,0.31282642373205033,0.08092436471535228
1007824,13.231638239885706,0.1362043782097625,0.06203530202644634
1008850,13.275493769132298,0.13085977582253186,0.048669134661259314
1013415,12.478097927674595,0.10064580900300395,0.03454158981430247
1006757,13.359734059901093,0.11493230118128052,0.04460861450889278
1010356,13.304507385818939,0.03683610327496418,0.02467872354877843
1008163,13.936159530697623,0.23440257328830225,0.1075057803315497
1009330,13.197050186393362,0.2215650342877308,0.11882568532995637
1000118,13.016752379725439,0.329210848916853,0.1440361763847044
1009690,13.232922311603337,0.10414934881700828,0.0414080184229665
1015099,13.74438769584549,0.1166985363181691,0.09845943460963578
1005980,13.734182162229182,0.09625605542510768,0.07083696554775036
1004418,12.421136780418477,0.3106767246131372,0.23188177840406352
1013112,12.322544737650345,0.132970260245791,0.05789908042785067
1011518,11.634046936913036,0.3457860308146582,0.17133047492442205
1002338,12.903827567775283,0.11936901024203868,0.03496678846282036
1008013,13.051382542721136,0.3103024079551041,0.08414606722543909
1012082,13.04022369081929,0.23119676407738174,0.13424387981399225
1012320,12.719155922254778,0.17317795955922866,0.119237234577533
1017322,12.988048251808321,0.2767534367005406,0.09794131755949533
1012859,13.014725805830585,0.1359776446855121,0.04752863498795528
1003095,11.971586418667446,0.2878327424030737,0.10985455332367021
1001750,12.72999507206118,0.26020953004791764,0.11526530519539441
1016037,13.302552627890728,0.15892934941920503,0.0916517264137318
1010055,12.512913448121607,0.25309074773315965,0.11575158413821857
1011145,12.574748880869523,0.2839084090356457,0.1845679756874098
1006497,13.091567277142738,0.11098556015804434,0.05728593701654608
1002233,12.940031214678724,0.11180511093094668,0.08156091864866374
1002674,12.670787803807874,0.19479307944794014,0.058235629918831466
1013478,12.9657080922877,0.17461280228998255,0.06527488159150803
1009853,12.415868514047611,0.2671629491380562,0.09113168771072028
1016376,12.005579413650956,0.15340375289630792,0.06575661800037975
1000037,12.77622902994383,0.10362651733943264,0.05656769973441386
1001913,12.575989774610592,0.24178899630808476,0.09980023247352236
1015050,12.735331453004042,0.1886413276085156,0.04623422392375606
1004249,12.665099673010152,0.1478630439257374,0.10428718714782884
1013866,13.379374406042185,0.09004431311085548,0.046460937424943505
1000869,12.747473866555879,0.16369389521661643,0.10801694738236679
1004125,13.008832476087129,0.09902248550842122,0.06977472990746354
1007320,11.766985752023789,0.1269084143564591,0.04041563301998303
1014928,12.740658011695508,0.13795254083488218,0.07053427873138218
1014567,13.211287145360648,0.25010834605603355,0.09302277492229809
1006892,13.194237680123708,0.306706126253828,0.13013880538919467
1014716,12.935107429047521,0.20485305272786097,0.09205566912624621
1017181,13.643724654516214,0.24905793648134433,0.0713372344849996
1016684,13.7647309495948,0.3317348808401088,0.09506907700680298
1005741,13.01675966622731,0.11633345042700041,0.0433229767143251
1014460,13.70182667527814,0.2336592085400014,0.0744637731859012
1000721,13.46558430800382,0.4351857022902133,0.12763487740087837
1010814,12.817150699013132,0.19303877104828202,0.04760229882746602
1010225,12.37192097452873,0.2659074321825685,0.09656266268149719
1003241,14.025657054444741,0.1162420449441129,0.035380468344194366
1015041,12.413571764123766,0.16725021964819947,0.07500609836319083
1013129,13.336505720124395,0.15266855920764924,0.02981613383936504
1011555,12.450559060947825,0.17789224893920166,0.05827425024695405
1016250,12.900561041441804,0.08889043301780788,0.0443891661024108
1017038,13.818220884771337,0.18041453763734872,0.059596291801836565
1013374,12.967578715780617,0.1900068156153603,0.06530282434379378
1010770,12.988387265621492,0.14651140398300974,0.051652718088321274
1012588,13.104768399195736,0.2269512254693999,0.07707460464720006
1012106,12.806829205397394,0.1911395628974369,0.06505443633966408
1006909,13.283616200970393,0.11071792007445752,0.07312116783208958
1012597,11.484903378360569,0.3021282021446055,0.1228654387787759
1013763,13.461440223718645,0.1807920971510562,0.16515955763038934
1014967,12.621830667362474,0.1409611017835191,0.05109279653785485
1009166,13.100656654713084,0.17013361121966225,0.11314261886055411
1014428,13.52921691795608,0.11055605298478242,0.04988901236105538
1016498,13.153736159731034,0.14871142349767394,0.11536927650975647
1016745,12.345900428742667,0.18126780080173568,0.09435775806087172
1007431,12.765150590995312,0.1644048300256411,0.0801911394731416
1012575,11.884871582700503,0.17761242499703236,0.07636810253941526
1016159,13.064012430756913,0.20079416622934887,0.04677088453800177
1014122,13.218153580783712,0.23641352850983238,0.061262917811213374
1007995,14.016674911849044,0.1244581396086753,0.07063266515446952
1012892,13.213420430596193,0.1214122383734795,0.049275620814805146
1008334,13.183300119948646,0.1449160281739884,0.08349983394251909
1001071,13.363843963795865,0.4105736428498968,0.22496048867315285
1015141,12.493254756253673,0.05207823612756425,0.05016032722820977
1005245,13.783538428772708,0.09880596068400738,0.0524967613541742
1010713,12.570780120072747,0.1939251549795933,0.0808727269510234
1017191,12.591289072828362,0.13805940880403733,0.0500600537544641
1013250,12.945630215540504,0.07945607704062098,0.035972951155963974
1001820,13.04729777632428,0.05415851834050969,0.040453761554983265
1007817,13.07382621831406,0.13231216075041013,0.10560117497411253
1008999,12.460549044182526,0.22112883418712248,0.05953895553435489
1009352,12.067793283481054,0.13677998898973873,0.04275655886301678
1000362,13.239859626951038,0.2641960719564156,0.11873034300620063
1016277,11.851049656925998,0.4193132652256254,0.1395480585178564
1011879,12.537598459741282,0.15076679790269992,0.054190188915514054
1013629,12.236300265984609,0.07972328081125955,0.0659496225533625
1000657,13.611359305374734,0.08109128204964917,0.014058077611063832
1010412,12.730668241147582,0.164119193299044,0.05450941643877857
1013717,11.454837533278178,0.17993210417403804,0.05782421939696995
1017374,12.873469569288277,0.20490996923254326,0.06865841555660596
1003340,13.663085459115125,0.12603550827579407,0.03417738696170136
1011031,13.65496471583864,0.12266154178746395,0.05130794574533273
1007484,13.893795322700504,0.06539205236732797,0.04907249565768492
1017390,13.202415625451692,0.07961410837070453,0.0545515822496097
1016715,13.271197264503948,0.2421023058082319,0.1029282920017389
1016509,13.2415738527101,0.1509785548474384,0.09827931285303122
1011708,13.629223031565502,0.19394815713969518,0.04850370444421898
1015643,13.171690153637465,0.1889461650271725,0.08220659617885669
1013996,13.515469354056158,0.19766769621675992,0.09749757781618267
1016120,13.148079463050339,0.28730220594074224,0.10392155965610408
1016753,12.137400841818419,0.41358637912817453,0.19134711478128696
1013805,13.818792190699938,0.32090338977132626,0.0804053658647242
1016677,13.48165024991277,0.11932692949917005,0.10328276361648622
1007180,13.353887346264495,0.19772015817410546,0.08337070532453893
1001816,13.495390685178227,0.3508798728244949,0.08348058546099095
1007855,14.060992158063712,0.1354193687849098,0.056718907471448754
1000335,12.374948997424982,0.2762157862324871,0.12872413931965698
1001852,13.1084731476225,0.10177980435675245,0.061613779669215454
1011910,12.065402209453012,0.3153261684895122,0.11948465504191526
1003106,12.499218691537708,0.2980417610106634,0.11687697523043139
1006842,12.151662205396526,0.2650983385364916,0.14445389513509613
1016853,13.515885485810664,0.12206899091968128,0.09031827210027732
1001882,13.757707338185986,0.14349997347391505,0.029076134521278274
1011338,12.561963377784949,0.09151441706498156,0.052545784569756976
1007656,12.852442733129747,0.28067402630706034,0.08993353577475743
1016975,13.487391172234572,0.11702041213381148,0.03122733493998556
1004429,13.939025808257028,0.17883949910858296,0.0802946906346171
1006121,12.891474048741799,0.19838294236481377,0.06183187173391033
1005751,12.371472357528157,0.08433855474870121,0.03840621803618265
1008344,13.2845442664602,0.21473525953999226,0.09678821398261019
1009322,12.994940917710572,0.15481916015717448,0.08900003526937346
1003886,13.804313587561204,0.29210575039618275,0.17668532784164506
1013043,13.550979345032962,0.13227037353091226,0.07228296473002273
1004255,12.894731334577529,0.1921558329747598,0.13694841547028075
1010200,12.98752404676637,0.03715392110786565,0.03855466929561675
1005507,13.173254816686468,0.15125792070540128,0.054495595031908595
1015280,12.580044540845295,0.1847140543167991,0.11431767292757218
1007551,13.262164159236379,0.17120598277129376,0.1347507267718961
1010184,12.048169690616424,0.16891864727042671,0.06440616116226304
1012501,13.059681948425755,0.17500421549550838,0.06058403777673783
1002356,13.29107806518014,0.4015818469333451,0.14537117300455366
1015018,12.367686795143873,0.23755257026654658,0.10772730448472768
1012002,12.702498218306957,0.1291938627755174,0.05363987771662996
1002165,12.705541398523465,0.18687060574342085,0.08332187959288335
1004946,13.262962232613987,0.18671851098156328,0.07257447427810927
1012174,13.456067380801514,0.1977582727014352,0.07115738526015972
1005937,13.929557330639875,0.15069577221980557,0.08452731279142077
1016564,12.84415667849366,0.23435612787495372,0.10536806055806103
1016644,12.661020572210907,0.23022743490484363,0.1880343569234775
1004268,13.932318933034892,0.14284426431372307,0.06862009867006082
1003928,13.928170986127222,0.09644536999939311,0.06219180275712796
1002045,13.855312298090789,0.2011675158995163,0.07108598430278493
1006490,13.514446979532233,0.25235649286563117,0.09517621854127725
1004690,12.424148183400055,0.4156179236777694,0.13585540955803194
1000293,12.854609414563358,0.1676075105709154,0.09510889587177271
1001255,12.43450383052636,0.11992914288643186,0.12850585773837292
1010864,12.615078371537727,0.35474452430169057,0.14110968403249857
1004409,12.44838360733322,0.318554899320203,0.14812186451424478
1015155,12.072244560819282,0.05881160648545538,0.02168840748201054
1000411,12.985994537603673,0.13289852583106843,0.052352802143807595
1006037,13.338045040255265,0.12414723695881727,0.01782021536548519
1005769,12.965375601557236,0.21012421923333166,0.12425625218525192
1012577,13.072716537883236,0.2314583235251978,0.12692011238830006
1016096,12.503749775386362,0.21195014666841466,0.08004889828150172
1006332,13.027407212113435,0.12282431937671687,0.07698999258769225
1004611,12.54585070408442,0.16290824918791494,0.10665770442249199
1004388,12.977194878074316,0.30942207467164046,0.11376769130301574
1002119,13.605888815133941,0.15703353870103023,0.10245069106834591
1016205,11.975937122219591,0.3597579953776182,0.16768827020006663
1004729,12.578138808913101,0.23644704760246768,0.1053232292653592
1004164,12.83826956244586,0.11229102135014357,0.06743882471955615
1007980,12.74250727471757,0.16502793918922273,0.1313292848938771
1011449,12.998339079541719,0.19691596378982673,0.09453545372124224
1002750,12.75343522789944,0.09710125512899868,0.026284536498337563
1000718,12.509690648187304,0.2276971460413655,0.0767616977600976
1004252,13.588906507545909,0.1983230627337009,0.13217464325712813
1010759,13.021699356425295,0.0921043066923305,0.023413383327742784
1002460,13.491816914470633,0.25437857666717245,0.1258728517247339
1009542,12.670712481817063,0.20284349110556313,0.06871879932486127
1010622,13.868780661509982,0.11351880620068697,0.07975925937683491
1011842,13.12850668531338,0.2318965330303249,0.09623815706806078
1002362,12.809616246112768,0.12056412405729262,0.06758689210614818
1003286,12.672218935241213,0.1093835804013528,0.050527752690703226
1004104,13.612042265610269,0.08045143004527129,0.09146755658648213
1007568,12.626395179438722,0.14793994353007767,0.0681430394438146
1003125,13.747465379402612,0.1998460002554499,0.06057424375677459
1013058,13.357053529591612,0.05397833922555273,0.08709557612104604
1006122,13.217978425571975,0.3767384315838308,0.07150129354813202
1004699,12.940851971765921,0.06830107280905348,0.049979893333954056
1004481,12.921290839860148,0.12063240143797797,0.041383839046924324
1014024,13.030693844011884,0.06951053164461282,0.05307086956171229
1001334,13.405504934572155,0.20718620699345322,0.044799869032120854
1010996,12.99184636964389,0.23797473310922856,0.11675411407197879
1001132,13.09494072217835,0.13918972290689297,0.04346311084319323
1009445,13.264438967851437,0.0952517416036983,0.054710669416180364
1009798,13.153554812428371,0.2092521166550134,0.09413014425751925
1015803,12.691434025331517,0.18233885419101217,0.06706413802950897
1008677,11.742507975136936,0.3070841941477826,0.10632391148684835
1000608,13.933603405427176,0.06729131969064639,0.04402693654821131
1009500,13.359759882028138,0.1217560127445775,0.021985766660150854
1004710,12.768771984379264,0.28898501563386086,0.0775900240501513
1006406,12.696668176386234,0.07745224629979745,0.052253009366503164
1014496,14.144945749272937,0.23532830836460591,0.127468471865618
1015567,12.14564147655048,0.1948398291662401,0.05623251293770395
1012220,12.586396026800168,0.32315023190197073,0.08918311419293383
1011256,12.890025030696048,0.2250569456500468,0.0773746912208904
1008256,13.380523939083417,0.09104959235883602,0.04382946920235476
1012571,13.770103713390235,0.08464041898916369,0.08435129535655304
1015978,12.82848373564508,0.1321985671140785,0.04720976606417354
1016173,12.56579934595293,0.23716513614106166,0.08125092196561524
1008779,12.560487815084874,0.087477967000632,0.020220958402036898
1000461,13.913694840475287,0.0868118783281513,0.05152890034564675
1017094,13.30014308303233,0.25272880158732125,0.08266401469982722
1015010,12.006534733558226,0.09332581552136192,0.02839923227808972
1013454,12.873525559991824,0.12371039842270032,0.05121250096957057
1016578,12.82396036773467,0.1108731805806339,0.05452802297477892
1008206,13.510064006834494,0.37481822105353435,0.16725368653210584
1015868,11.928474446741674,0.25638204812037996,0.13388945719608525
1004893,13.798694361269792,0.4672069355473017,0.08740168529273798
1009404,13.255177524717597,0.20907808021527247,0.06422903078668797
1000154,13.447992169034015,0.17676436449260882,0.08370888574006075
1007252,12.668656975773631,0.24461596541713101,0.10925325002704772
1002008,12.919317337299855,0.07551907021055675,0.08162223951178
1007586,13.038702426079826,0.04399451380669605,0.03666180951788985
1013660,14.06717999386513,0.2396494904053404,0.1536330458212858
1004239,13.040934819735554,0.34932056948385365,0.09699764116582352
1004635,13.701748639766762,0.1106435939159904,0.05703878119563557
1011380,13.350891332191585,0.09695082954312703,0.05824097923104471
1016771,12.765660975131894,0.1666591209136756,0.08220460178233399
1012313,13.215174163197,0.1798536465095833,0.07303719880133952
1014182,13.38083733542269,0.17206836188102478,0.05680383645336296
1002348,14.195007044166859,0.2957365839981374,0.12546738440549077
1012519,14.009537943228425,0.09461074833544607,0.043956112783253454
1006480,13.431188823741735,0.1812059935860876,0.09613235922222486
1000143,13.61288090792529,0.256657021133806,0.05782203861787877
1008576,13.18392654928462,0.1423519076950773,0.05390405805276114
1014949,12.012186669491319,0.18082384420103068,0.061613781677382906
1011611,12.767814132471457,0.10523880812757792,0.05651975243663322
1007607,13.944517025598461,0.22013600012506163,0.07940661208846944
1003887,12.836224511533146,0.07411653517670694,0.03622435832035245
1010811,13.082413181929788,0.3300548443965372,0.20392121078945027
1007539,11.840319154068874,0.25693377387988614,0.10764499287039558
1003103,12.690225492709407,0.11915068350286881,0.026492178828870786
1007890,13.494114314342399,0.2278915259935695,0.10395204687759908
1004158,13.452956082857312,0.06452516316665663,0.04593539483066611
1004746,12.400906133955134,0.24332020478411087,0.08763118578702278
1005881,13.736342808656557,0.1228334688600745,0.05511859241817905
1002307,12.764395233099815,0.08083981656645058,0.050291221079319624
1007126,12.093432839421283,0.1011563910405635,0.0
1014620,13.168215704899353,0.21607805661045604,0.03247397052542478
1001896,13.10634133627166,0.07204957416019671,0.13315349253382228
1015494,13.758353844084395,0.15916258812723172,0.06220175199358099
1003852,14.131709725112971,0.0629846173247812,0.06967173842540164
1004709,12.411327909457038,0.18617256754758016,0.1126950399002862
1001126,12.694069643145943,0.267029713152701,0.13991681886682203
1009114,13.098466766180797,0.20553347955921394,0.08144003113402104
1017193,13.435488753907684,0.11907952677129666,0.056160158868009735
1013707,12.40054098566268,0.12014308162307975,0.05808873351167879
1016777,12.866775843855251,0.18821387848740803,0.07522722735826168
1000450,13.31273835665393,0.11012315341321854,0.05004118232442212
1009498,11.859625528364795,0.4310519786766036,0.12356380169266344
1016544,13.47224979133252,0.24744766323530484,0.1059968956061358
1012196,12.871908071697993,0.0693191664344918,0.03325418356378782
1003899,12.493655703202444,0.2242136922586801,0.08086340172656829
1014741,14.06039145983762,0.10304363921326538,0.055298481415711725
1005878,12.248685056055946,0.12907399436065486,0.04725413712198947
1005263,13.289121265432103,0.08034153171582782,0.02241681086672075
1003861,13.705847481526735,0.2527092192765816,0.15361769548537943
1006074,12.799903056269988,0.2631902493681961,0.11680696181353177
1001359,12.005191200111915,0.14745843664021022,0.049512695598097366
1014807,13.58986403786988,0.26324943726837047,0.17844990215538956
1008595,13.176888756891223,0.2819408536951635,0.10843973638855153
1011978,12.734846160445727,0.1125390428122744,0.06189851343340343
1002214,13.921270911960464,0.11897121460403612,0.05839617400842268
1009000,12.794513326299649,0.14235220197478696,0.04157080497666821
1014379,12.773779231781356,0.0998516872083581,0.0807913461222433
1009602,13.174353626095865,0.1976282397166709,0.06664889463197866
1010832,13.009884276998617,0.15936242667559836,0.05500931568574595
1012180,13.49183788083822,0.32506453704210725,0.11774818204051478
1006548,11.987123943074058,0.22216126845026757,0.14947035640404843
1009126,13.019110312770254,0.1473608903544844,0.07138524227218006
1015592,12.35706368244836,0.24859712495595418,0.08336269687061497
1016989,13.424849769917113,0.07718669763248623,0.04308903744420543
1013853,13.66423938014681,0.18782164827767606,0.12867641725489504
1017224,13.858070150088992,0.09248642039269236,0.05134087656212287
1001616,12.706915234726281,0.17779220530533343,0.07982572884015647
1006319,12.708955724346538,0.2104383479657054,0.07572466321373557
1001034,12.7544672668034,0.41729717231093144,0.16153189073067872
1004092,12.994312959493003,0.026006043440282747,0.0
1004578,11.585691264343346,0.14986959360779362,0.07552257426755994
1016246,13.097186887184867,0.15252163151291212,0.05240122690424101
1016136,13.655571835276492,0.12830180470319782,0.1639454596427177
1007536,13.299999870176961,0.05188237017572688,0.06812420591315918
1016281,11.761494789224995,0.1309447553745131,0.04856267697990746
1011109,13.287962547402454,0.201270863549886,0.07558776770512178
1017006,13.418236270491215,0.16902982073019,0.07669373626235552
1014995,13.034940985646443,0.43862720790447496,0.1570772735197412
1001651,13.147599882801146,0.08484802946289793,0.08296701184942849
1013555,12.833664482757994,0.08022095112626154,0.0222942270861384
1007948,13.174244830198713,0.3152215877987866,0.12067223610309613
1009833,13.127074010816068,0.08552602744769679,0.038824881235581296
1005737,13.133441421950943,0.12202908215815304,0.05415426994377063
1008803,12.876208455226974,0.134390182461264,0.08953334991778467
1013704,13.445289907401277,0.14077770552641594,0.13101048624714784
1008511,12.562030228578516,0.1935685184349962,0.04934117420453148
1013375,13.53382765376234,0.22854609854446586,0.09748755252610092
1016732,12.734474116946716,0.10507093425011133,0.06071427367236419
1003580,13.869008615653264,0.335809113148711,0.1379982438528497
1000397,12.36158451532505,0.30955752741122905,0.12544205312805648
1003787,12.610287560822115,0.19008345381529412,0.0865406529185596
1008524,12.704986058458616,0.2864530794889255,0.08831759759077658
1012377,12.889783525628772,0.13605594271012175,0.03483861526305918
1013442,12.305993836970595,0.19280389654358415,0.08101263600421836
1003280,13.135345196317859,0.09281093999397673,0.05369855167125189
1010498,11.820792297989925,0.3159475254688449,0.16551717843591607
1003405,13.240974933465655,0.1168634412270866,0.046683572923366036
1017546,12.814676513706983,0.10212807396708719,0.05211005759480347
1007841,13.208142993030336,0.20981405340003872,0.14407332091607625
1015522,13.837008244151555,0.28920705563277715,0.05477051644127975
1004254,12.914232317788832,0.12908167889269367,0.055319917768708024
1006584,13.217653893288533,0.21654883332253394,0.0668806083919943
1000808,12.648050812698445,0.07435644777443032,0.030907331086286176
1004966,13.334853188767081,0.22655545220903808,0.08755807487108418
1009997,13.49993854681487,0.16607921832757888,0.04472596849759291
1013526,13.210650687272116,0.17630922704752525,0.0674298019999553
1016653,13.435831988207484,0.0786401958081235,0.03968388029352105
1011659,12.707053689152227,0.20323833901325952,0.0738065467086826
1002511,14.024761710990573,0.08859657277319133,0.05036585014732676
1015711,13.77773329911039,0.2255732479576772,0.11293444238427756
1004307,13.083418346023883,0.17087196321071196,0.07286634073113778
1006707,13.606124752821609,0.20671456193803517,0.11418853026742048
1012751,13.04853387962026,0.42780037048139075,0.22401616737115654
1010960,13.373411752185978,0.2341830867843141,0.17690584149242788
1009026,12.120156625620426,0.15096398942843264,0.03443497552588453
1013603,13.374301718627697,0.15568420811807757,0.04522237545346255
1013732,12.145519319769527,0.13876147334979613,0.05689315616340612
1000109,13.409438823600018,0.18555779387018578,0.0382174425345231
1012638,13.643041593069002,0.21124139579131376,0.06052236804236029
1012069,11.961101684606717,0.34205076702965054,0.20924038056005237
1006883,12.803217116572462,0.13557202414309544,0.11231576066225439
1013340,12.874074607811627,0.14868783398573449,0.06339267744548302
1003386,11.746110296969634,0.14373667691293832,0.07338421257186231
1014957,12.196066158837978,0.16170663674600702,0.11382850748314698
1002337,13.333586930820996,0.13650964648874098,0.041415660873357095
1014997,13.997128652122202,0.2183833779140736,0.07399283228430252
1003710,13.805553361095232,0.16377165915109296,0.05896072813506159
1014528,13.01199064249303,0.13132675392467383,0.1403949851454952
1013180,12.83279063057444,0.3456349977567812,0.054872547737459094
1000728,12.97918969390642,0.2330475944063264,0.09529774568997591
1000691,13.340573322248693,0.045810257319674794,0.011941913664590964
1012472,12.740282651605709,0.25697665516339024,0.09867252225116291
1009532,13.109655525522458,0.20009975857435952,0.07014110835918984
1008543,13.052555373525216,0.1499990473284365,0.03650176052114527
1016199,12.593884169703056,0.40163126506395164,0.10087942120688598
1014665,13.121250137241972,0.08562349757445178,0.02008487748953859
1010258,13.08977088348265,0.14095985523849708,0.058764309856068016
1009628,13.673857308523104,0.28448770702837967,0.06784814110670256
1003686,13.226131550881483,0.1587334678802912,0.0725373179975697
1013269,13.139664704921111,0.09581674977110394,0.060880282989967734
1012869,14.01735122409592,0.276034869371337,0.07105127609433358
1008459,13.421243618274401,0.06008715824289066,0.018001226014574608
1005919,11.701657156666599,0.3602382999047321,0.1136880205938865
1004376,13.871288541110387,0.14178543390745776,0.029595408364556697
1000328,12.76856720041059,0.2224064340422342,0.08184425187980864
1000157,13.138158307672951,0.19549992068916783,0.08875180473220627
1014660,13.957680856883623,0.13408889501662696,0.13096688198148015
1000772,13.45567711826444,0.2873888864517641,0.12976419593550925
1012288,12.449653455865615,0.09401502806304611,0.03738770166011135
1014021,13.354599717456201,0.16651788609254048,0.0379679420785881
1005214,13.268106614235892,0.11091184648110125,0.04928059054195643
1013713,13.021299105924205,0.0941563571639925,0.059098618290442384
1011234,12.174694512946285,0.16463715052215383,0.062159867020043065
1007584,14.051918423740272,0.2422620989270273,0.15297518723254713
1012769,13.311397296216542,0.10105282891923252,0.057584797532309315
1001179,13.694995698597731,0.16674839867834435,0.08042234796254909
1007020,12.369299366746102,0.12763290569636412,0.05913171828874289
1014738,14.05887593567735,0.10962666288954115,0.0747871200534235
1000044,13.148192072674188,0.16977820648310007,0.05908237359919922
1000767,12.57559658236714,0.167802284844234,0.07974823842424442
1013916,12.914583392859113,0.06614168617566635,0.032041351410740555
1008994,13.462441101092814,0.2304221471171686,0.1019416224899868
1010880,12.774290908883396,0.22340801866203097,0.10671961359496034
1006066,13.002777717325735,0.40752534139982144,0.1732623842788034
1000582,12.60194060630508,0.2664259069895684,0.1575390104079887
1006388,13.790761531606332,0.15979414906155864,0.07310959535746689
1014066,13.947093185493786,0.1442791006160712,0.12674723448273556
1003975,12.79178105898658,0.19679539908831467,0.09418919989950604
1001861,12.719246542426529,0.33696115154328915,0.08940850938599171
1007207,13.158347403081843,0.30918532367277063,0.10585896882488911
1012652,12.917028825054047,0.07721971013365034,0.040668231870948555
1010938,13.232162733047772,0.07073577221760667,0.04676114033299027
1011566,13.914086715213143,0.11814828210806347,0.01779137771153299
1015802,13.250398967383111,0.15076957972932734,0.1154962896189713
1015012,14.002659896796512,0.23620944910216768,0.065774152098454
1016823,13.370406035583732,0.0961096496423775,0.018514810104880576
1004242,13.561589691131944,0.1560583895984251,0.06361464847156931
1004205,13.916035347426451,0.12800927274827573,0.07252486458788267
1015362,12.295369098364391,0.22853774169690616,0.07328820214921568
1000932,13.738742843003314,0.12212217539598287,0.05738538167127882
1005967,13.158735682790821,0.20995938129929498,0.12083304529111262
1016774,12.4037582884163,0.2895191453127902,0.10310959556086542
1013579,13.413263604735478,0.29353105888008785,0.18192058295164057
1009784,12.705428002906096,0.1387700546454377,0.039305016186094686
1009862,12.227136643807365,0.20761350545233415,0.09885247691891949
1011407,12.80887862303165,0.25592752503067384,0.0804481142919519
1010376,13.396264381011372,0.07306296625080588,0.032965642784074135
1017306,13.812702977762351,0.24750662965776513,0.13034687997711317
1013131,13.04306987885758,0.2539461600532225,0.088381348955622
1005806,12.591126704528753,0.3411650364372083,0.11106586270484735
1002646,13.180202449028554,0.17084597034856785,0.06872436900463169
1005393,12.221202744753816,0.17849980596486484,0.11738732628443982
1005416,13.061200996673923,0.35473002410265936,0.22790637037998007
1007664,13.57568378794038,0.45271898451007814,0.2416375388083528
1004365,13.230829010269838,0.18998348950501068,0.15363241425870244
1013619,13.673539966759924,0.059486097271761317,0.03863867630604273
1015139,13.059549741206766,0.08291738701394956,0.010848449931511283
1011805,13.009485258172754,0.18359811117791344,0.08814911329757005
1004097,12.039662513732353,0.21857961927210462,0.11445625840302688
1013225,13.27251075399464,0.32727765612882026,0.09217609519881051
1016149,12.920910658779976,0.15891761922936531,0.17414892977495264
1010796,12.328892879124737,0.15149431468303212,0.08353722550374244
1007734,13.573798375570945,0.080009392859252,0.04298684954899205
1007119,12.686503412798041,0.1136923848291419,0.03494901436218601
1005207,13.963055183891937,0.13273474548203318,0.129691184730782
1000948,11.854996011248234,0.19864128507195544,0.09444778534579089
1006754,12.48118954269133,0.3909751380795538,0.2184473168647129
1004019,13.952652961942496,0.1294624536940638,0.028285566125689287
1011774,13.87086710790912,0.05723260496089943,0.047751156761525124
1007274,12.634162628035961,0.24306696031591146,0.09990693812356001
1002084,12.288602163923798,0.16166339295976176,0.05659551218411398
1006341,13.172984361231936,0.15583709955589808,0.08364768651644904
1013469,12.598233555965592,0.23718616583508956,0.10029951139259306
1005828,13.121105208061033,0.21940960175999213,0.10641163402860315
1014220,14.045135945356257,0.231630823487918,0.09794322640686946
1006814,12.150928392714135,0.3279266852031206,0.17113875190188563
1013061,12.980762813552298,0.19631473175890526,0.035606012747851704
1005498,13.725846420769512,0.15272678150020777,0.09310572364764266
1011983,12.886439399819023,0.33438130234268787,0.12811499545188348
1005100,13.127425768764363,0.233913505744528,0.08013934611881858
1015526,12.589017806486186,0.3174812737582486,0.1505579767601117
1011053,12.010973655982234,0.319546661027154,0.11526261616798687
1001410,13.33916752421918,0.11120184308040602,0.09042769910735543
1009023,11.912147718524311,0.16328080111291254,0.07114479901969321
1005620,14.04821957051224,0.21775719178078393,0.08276555138569283
1013266,12.804673387442543,0.1568960735910011,0.03368665926140659
1010395,12.910330672551435,0.06990365180367686,0.05656156193621325
1005786,12.82768273583616,0.16057911106092299,0.10221847510884269
1009621,12.846311838657932,0.24932465073429666,0.10541316559521205
1013267,13.750428490223765,0.039737864196376246,0.053753363033992724
1014763,12.62180679607502,0.18918273851318457,0.0972146469200022
1001953,12.426474582812745,0.2980861925300325,0.1197825308647505
1007359,13.732139051913688,0.1858763120361134,0.10874313410065924
1015830,13.410173539713702,0.17714300647845432,0.09539721073808072
1003717,13.732144064397298,0.10734807956742842,0.048922600392584885
1001629,12.785438161517716,0.15634627947998994,0.0985617094447501
1000100,12.861345733390431,0.07157856706833056,0.046487646557911703
1009197,13.625029042851294,0.3409489977068245,0.07277103015943462
1007627,13.024588035637487,0.037820791621387045,0.027468964647727318
1010724,13.663684855775148,0.11277667127824859,0.06564059377693604
1004958,13.320177491428128,0.17923893692505455,0.10252152317105358
1005514,12.613439954729436,0.3195331887908683,0.12521733370065588
1013256,13.595842237578438,0.12459694671694138,0.13602985515096513
1011945,12.901401513291253,0.06293712700840806,0.03496968102528315
1015340,13.139899939784277,0.28515786729349707,0.09572458187583072
1007501,13.487867815612102,0.16188432123222601,0.07149599993054694
1007288,13.316088006404977,0.10721543682565031,0.055640856648321815
1007024,12.943459819443541,0.2921634480299386,0.11391763415539599
1017162,13.357500538169402,0.04781254737737881,0.06462486207369049
1004925,13.445015633019354,0.22791818728406368,0.08865616336320309
1010262,13.469476486883815,0.18248953525414968,0.12830159329519042
1017082,12.114263766272282,0.32926022143581485,0.07553158887140964
1005091,13.30623577817054,0.15383596123835924,0.06617195609942163
1008764,13.041799742885921,0.18924696241944466,0.06874719809868088
1001085,12.814894514314204,0.09139069111249247,0.0627445418742927
1013431,13.415495573400849,0.1906230412842219,0.056550448100518826
1001970,14.097738219345118,0.13814011208424073,0.10005185400769508
1014837,13.738796726059022,0.10838450684924487,0.04872971669885106
1010725,12.776101820338141,0.07463381107781325,0.019368817395268578
1008762,12.038749305524124,0.10493578827661719,0.07873249990014579
1002304,13.34723931649753,0.039859617293164354,0.017842169857949418
1005708,12.13532153385693,0.2401701138511912,0.1456092712067572
1016978,11.860675844346211,0.15661196029287577,0.09270283006048523
1003457,13.197799089782041,0.07399305396505279,0.04925341968084634
1001151,11.663839269196409,0.36874393766364855,0.32795949205794966
1009750,12.96275896104243,0.2325743395971617,0.08331866441650265
1002100,12.48860537807243,0.1042150499300578,0.08237628795710089
1007803,13.363484226326058,0.12271198289039863,0.01651360478699368
1008568,12.448790959879629,0.0711930076750428,0.0201995659807915
1009478,13.042876569742303,0.10272971957831194,0.0597009300891651
1016671,12.758947021496326,0.3167737033544259,0.0920963917751804
1009610,12.42689876153727,0.249060859547526,0.1361759574924242
1005599,12.526220794998752,0.21689463316395144,0.1266563678972847
1006658,13.68853240277643,0.3777933082159528,0.11984699265258317
1010414,13.011213844548681,0.12940995541800135,0.05369811672304585
1013481,11.78551184157085,0.2970421875254935,0.1354508419884988
1002005,13.765713684594338,0.14128814759112007,0.057928553598036656
1012386,12.327719632818072,0.3073750988922181,0.2747840335176782
1016215,13.354490302637245,0.06689725723522451,0.02962807143298414
1008566,13.038808056860544,0.257528717299258,0.05132168280650775
1012932,12.142962735967522,0.21131550577942923,0.17811590113277806
1010140,12.728428301439758,0.2627867533192579,0.18998329304306985
1017139,12.625454710539977,0.18409543427079336,0.08603124234965816
1013488,13.707528203083882,0.15158086700872922,0.13069165095650104
1005727,13.58939392454539,0.1979084853964109,0.03817034230477715
1012316,12.835684519771185,0.1391275849044096,0.14093170886980963
1011976,12.769713735021305,0.19496528523672252,0.08296370583762834
1003768,12.829230604843728,0.08431379728988722,0.05210572077168992
1008016,13.132330052153248,0.19169359739912298,0.06552557461980588
1006062,13.446014070711337,0.12789349076329132,0.057708147459678366
1014503,13.678234629384278,0.19800230105469335,0.10965443052705205
1008956,13.603190680551863,0.1273029565722144,0.10668250568304495
1001642,13.156838949482447,0.18553195567804348,0.0896719005171765
1003645,13.11566906463124,0.06559000225349965,0.033059700684235985
1011920,13.666215286601243,0.12115896056458951,0.06861119414814489
1007992,11.826776234317501,0.6501218094581445,0.307161574844795
1001468,12.808094917362306,0.055772597009877065,0.031632213831861884
1016939,12.948962712675774,0.22344304843015114,0.07068455418655022
1015029,12.836986915376345,0.1209230553947785,0.04195127011800204
1010040,13.726311842501277,0.07839477928200353,0.017952128682232484
1009348,12.306862077141469,0.36082993714779144,0.1303040339974598
1003503,12.707535006487944,0.15759805138232888,0.06949173168001263
1013642,12.747094172410161,0.13109716536904387,0.05423433004301346
1015038,12.531506875095843,0.20549606921479022,0.0662923630827562
1010162,13.859764687647724,0.21648116218870975,0.07401763733132039
1004263,12.894593932440939,0.2824016908598548,0.17865574386465788
1006229,12.621645500642169,0.276871437994994,0.12500748086719143
1001773,12.649741778732876,0.158565845252187,0.08550238663425273
1007929,12.833528662805756,0.03829236881055345,0.06069381814670327
1016887,12.529906251328661,0.21678249613231773,0.12986247691825462
1001299,13.004802619396019,0.44669701031241715,0.21494547577129433
1012535,13.356241021436068,0.3317528045252356,0.16891124571597216
1000874,12.867897125015043,0.3671202476336294,0.13318641967247818
1000245,12.937475596133465,0.16832492954836234,0.0868884636959882
1008532,12.840550114162312,0.11828694124099012,0.044348811482346866
1011437,13.97081474248691,0.22962507403066282,0.10538667258707834
1000763,12.895128129835243,0.12178895523902486,0.10535958166047582
1003703,13.445365075301542,0.2245392176591708,0.09960666028346443
1005401,13.111192647031913,0.1557378689435427,0.07941122146178935
1009296,12.563233898140814,0.14835660848763146,0.07566550026729182
1014820,13.008330446850826,0.10315161930829751,0.02627942487997276
1012797,13.780184847009524,0.20966368219079964,0.09148957633971476
1006207,12.737707156766026,0.33535215708973476,0.1068993506586067
1013094,12.604042556923533,0.298319175435119,0.13982460591277435
1005768,13.628999493585471,0.23944977044044558,0.07371285127045514
1015570,13.513821100259602,0.10400192073487101,0.07374004838255352
1013136,13.25377514617142,0.39728260020430683,0.3276421408075242
1004250,12.078575557703367,0.09526318417825545,0.058062893530503444
1015039,12.432765843327099,0.16607305627246435,0.060263515672236555
1005974,13.04716518492166,0.21170318084374215,0.09951813230351578
1006287,12.575327143235844,0.4474443019627092,0.16273179908108143
1003431,11.53838918950429,0.16996406250616536,0.05650045753484328
1016397,13.922486837783614,0.12544533564238775,0.0565390981862231
1005940,12.62873989195756,0.4132539138938669,0.14395163679628178
1011503,12.884910396523773,0.2992162940314332,0.11023585044884081
1008515,13.62483163701095,0.11399799878261252,0.08927461109780754
1004056,12.450540865906694,0.3519805402647215,0.14803152524675336
1013807,11.670012062911473,0.2400246462584367,0.09313028429000803
1013886,12.492120324772365,0.1514979251246789,0.0677618769067884
1009900,12.44521906890403,0.2225822780051971,0.09052942906147894
1007638,12.839188276633557,0.245712077725731,0.1381917333145424
1006689,11.642854327249129,0.3007689552201172,0.09852288801666147
1017084,12.582907171097887,0.2960429627395617,0.20748124291903655
1013257,13.323156214404712,0.07736307690324454,0.062296619302192914
1009256,13.825424296854388,0.3368830860965599,0.14166352374001395
1004609,14.12668243145138,0.18414463461111688,0.06125439746596018
1012302,13.292155871851643,0.08419034503601643,0.02761681259694086
1001952,13.847331193835636,0.1591297128284229,0.09556305639160086
1000984,12.427595312996393,0.248614966471683,0.07683038776697458
1013847,13.328608603630562,0.08793513723461628,0.06105353733891896
1011062,12.832368275980372,0.2688465965339809,0.16990384527982827
1001398,12.704679804943003,0.4125819190955193,0.1253399369712092
1001700,12.57729865064384,0.2957914554776231,0.13362629256244674
1005677,12.965862888656442,0.2828415512644567,0.09120003391139338
1003471,12.642595933272752,0.26530926025964796,0.10786596424787746
1006031,13.379139977298768,0.09297600899226312,0.04203386538260388
1016531,12.829619618350206,0.19254527477538835,0.11537812488325119
1011742,12.173444770172269,0.27030569263943605,0.1143279777166257
1005055,12.669341399788534,0.3078461866494624,0.10368986598430541
1007398,13.13914006081074,0.288200795395769,0.12473857388841948
1015182,12.884248856652839,0.12494781321276857,0.0633980501198028
1007849,12.359960863270288,0.18505783919964056,0.04328554756249395
1002349,13.155139088703505,0.17778933367351066,0.06817257637801846
1016101,13.083183725173763,0.15982725924588775,0.05279965829138181
1012562,11.896532566540158,0.5005386316596278,0.240855629477058
1004985,13.370961620212865,0.18349755336410656,0.07920291675688346
1000416,13.536492052562643,0.1328644835807117,0.0842071381631287
1015783,13.376902886308955,0.14993255324985702,0.09314651705356639
1017403,12.681864832814588,0.17492309818269558,0.06332444484089768
1001228,13.180221947979922,0.11255399496718463,0.015930657333798396
1014878,12.217991804044008,0.13206682381029314,0.1151028721702897
1001061,13.040495495706173,0.1201620276099942,0.034367515654826375
1001904,13.114507034690284,0.2662307497382373,0.08405436550931958
1017073,13.317728994692407,0.03619422045899689,0.03206777824850251
1016729,12.491400667785742,0.3164772285396369,0.23511379179561162
1014977,13.09456877851861,0.24295716316655225,0.1141522475085292
1015632,12.621036623098016,0.11731419283725132,0.028617981922433724
1003089,13.393930578474192,0.17093832182649568,0.14426129651001907
1006170,13.155497812748349,0.06702122731952201,0.02792466363660566
1017119,13.595888572202265,0.12004427803585352,0.06588740421235316
1012623,12.248832153764797,0.18069173059760493,0.07795825670917615
1001163,12.133649509032749,0.2455699532734039,0.08033691640357744
1005525,13.011973213512833,0.32331212150364846,0.0759549241038694
1012552,13.034772226081696,0.16528885006654828,0.09123173115305007
1004674,14.034298474757943,0.23682962174137964,0.09439178554688542
1017410,12.474255667833134,0.13803037067794122,0.07727585655502642
1000694,13.228237626036767,0.13139734054323268,0.0844270916246971
1000526,12.736022451148628,0.2514229824148363,0.07059122979678051
1014431,12.594198004744591,0.23635229589319368,0.13081758475465383
1003218,13.152495790254735,0.074008796744706,0.05580167120515805
1004146,13.505938888488677,0.09441747568945012,0.06462336901769483
1012229,13.262646153470529,0.2966307606614773,0.07249375125422629
1014134,12.185860933646241,0.4425322390467371,0.13990318736286758
1009163,13.976799987345467,0.22490048586154884,0.05666479309184679
1003435,13.574640909323236,0.3466775366111377,0.12555935333353188
1012096,13.066142150280523,0.18933192439164884,0.07314189789967465
1001943,13.229159571151703,0.11748699523209076,0.05279724648416587
1014195,12.122470116255895,0.1906259649954313,0.076813425540682
1003314,13.089131888206671,0.1699494644540795,0.11763204472722341
1014646,13.286143259855473,0.07240563226652454,0.04029645794593256
1011561,12.799436812579003,0.09707808306800107,0.0820844222237849
1011584,13.666901898711105,0.5652646183308643,0.12248729873694023
1011897,14.077462561379662,0.18611160398590806,0.07680250059303101
1004345,13.434699159019951,0.08338675300759853,0.040951193617156864
1017292,12.516032369435951,0.1454967145823175,0.057090447107718136
1016323,13.33515873513332,0.14281635825103275,0.07795314514237497
1012373,11.76547819219752,0.1908892856359363,0.05578629858921333
1012697,13.172643422980629,0.06800269236331295,0.025705605456917007
1006342,12.95427389239498,0.11524628866805606,0.07200599871086928
1016405,12.417457788826034,0.25429171982404386,0.1727567171485851
1008710,13.166335349335144,0.19425159407816756,0.0872982085877894
1005280,12.344076951748873,0.11058026821084557,0.053623082337636185
1007930,12.045409491637738,0.2193232777270336,0.0721214869612177
1012826,12.041701023255877,0.10785747304542741,0.06139759581221405
1005729,11.802627810535952,0.24719140103762527,0.1228235972117325
1010438,14.002472546385116,0.22422444584722157,0.06944345431531904
1011995,13.870631396864647,0.0772194515247255,0.03214039003321694
1007905,11.672637278976474,0.5059533049553606,0.15284416138956491
1003881,12.889053562385415,0.21091492726132327,0.10896740429219233
1008720,12.371526727175047,0.24478184828719654,0.18429025009027106
1009450,13.432799561097255,0.19343032096632204,0.08979453931745629
1002520,12.553276066940553,0.14394782537205247,0.07899992318939143
1003309,12.227169070373515,0.07621156607956654,0.03569799013136632
1004306,12.755929653342575,0.20909464884286544,0.06651903652047633
1014125,13.460249521509791,0.2809438334394949,0.233352882757314
1014347,12.94480404071431,0.14813658608196037,0.09731944059957377
1008119,13.213631142670124,0.05908372883511548,0.02454718381847175
1012654,13.00149786955454,0.13071064275522223,0.06532919863613311
1011240,13.835299082303719,0.13298694852665438,0.0938310165124706
1002278,13.883529273869371,0.13296116243456002,0.0674206991737534
1007595,13.035171831638095,0.17722231706707084,0.061867995708182105
1009691,13.288002440872772,0.16563783890871858,0.06505264192909017
1012122,12.781654741338617,0.23763704855745427,0.11071071277862092
1011451,12.636557409520892,0.2566512015679117,0.09579455241330369
1016018,12.955731865327374,0.10405721686952933,0.04827359456960157
1004990,11.723056918665343,0.16954182508326834,0.07438589366041347
1016069,13.181151420595517,0.1352003266741252,0.047973020850450014
1002204,13.101592844579203,0.13518119671179696,0.04318212046113585
1010375,12.648504904068432,0.12651378092075027,0.043025399213071844
1008638,12.803415003559264,0.11879960230090322,0.06638477005768716
1014953,13.637292796420398,0.18138289252418993,0.05436689387710342
1003112,12.723229186566838,0.21264330495538064,0.08109891533142013
1016596,13.303251353403063,0.3040540098087433,0.13039262008554797
1014942,13.949141212492915,0.14556990681684334,0.10023699413010799
1013957,13.410233826477844,0.19186694616480515,0.052971206609532494
1007861,13.10441880985922,0.21959774447412203,0.13346621426169814
1012159,13.91002762900781,0.2360440958845312,0.07579514503540107
1004350,14.061052081203552,0.2557673206534357,0.06842278492495489
1001248,13.200900369546961,0.22599420055382702,0.13042104861880915
1000043,12.868324836713976,0.11763690318811765,0.07914651675583914
1005731,12.753177658660094,0.22574579085136268,0.08841533877409449
1009031,13.189426094350425,0.14131769345442935,0.07641649187070236
1010486,12.783979293769708,0.22648410852622927,0.06967171641136478
1005977,12.711383838548386,0.09265303543355008,0.04298245974223215
1014593,13.764798715707274,0.16090342093797885,0.1245347081236507
1015164,12.861765558059329,0.3200785221017622,0.1213300438715664
1002728,12.798714459571997,0.17980603636600723,0.12093253536755363
1014963,12.618798540390868,0.2769341633275292,0.08113525959488939
1008624,13.510251571985037,0.06986559747417397,0.049715189613285
1004416,13.130581963868865,0.09519133213275094,0.09892670809158535
1006605,13.214812436333808,0.16819087335450486,0.08974540646390608
1008391,12.636313992383338,0.22547570665937375,0.04692444026558386
1003699,13.395699758211057,0.11305823906342428,0.05558542790145403
1006167,12.945960479139549,0.05542824034239888,0.06171259728555449
1009694,13.620534773336521,0.09611623600969667,0.03204174093481682
1009793,13.631821125659515,0.07500794623332765,0.07088654712534118
1002097,12.391184719795952,0.25266583739141996,0.1474829664926815
1012000,12.378956881819459,0.13199220235730955,0.009929049508745822
1008506,13.461942755780148,0.17578938239922642,0.04174035301330536
1008777,13.007030837791286,0.11560406847287848,0.03362063947562762
1017404,12.123673189258993,0.1253828417736862,0.046049725904087936
1016603,13.510950473310931,0.21858813917463063,0.060672171045096715
1006383,12.256203604354004,0.15137917672855028,0.045242505423108106
1014688,12.954854644780333,0.1859086598372857,0.07242090652010781
1011777,13.332525240944769,0.1624329978059318,0.07775789489837702
1014775,13.570155580936484,0.25381933559704933,0.14335751666597968
1006301,13.166172262034497,0.19591629755089654,0.06971742918322621
1014022,12.956569826014801,0.08546628096797342,0.06425520025910313
1014925,12.595379048560384,0.23386277773658598,0.15720170346017182
1004509,11.853527594141559,0.7023415475441831,0.3585829818915529
1014572,13.537116458790365,0.07293745724357631,0.038879686772692455
1010719,12.511290183666171,0.23060983761368886,0.07054488603674125
1009660,12.608204303366264,0.10557218576339417,0.040753799065515066
1014273,12.798705683835058,0.0894308145778941,0.049729692392511106
1015938,12.841812271520022,0.12341743657058059,0.0735205790458017
1017000,13.323530684569723,0.24490183813000083,0.08250477710576495
1012202,12.8478969430868,0.10172606237260429,0.04059301103259485
1010068,11.525224494849164,0.31316936087503133,0.12713679343983458
1017204,13.170608433737087,0.3689559815534488,0.13488984379602226
1007747,12.67991610331156,0.08862710515409948,0.050929246127921275
1016685,13.589064091658011,0.21208626620564397,0.10671432749231353
1015177,13.289270739678965,0.05979377995652671,0.04504264537101219
1000447,13.950977442850865,0.21244905606698572,0.10624749961784244
1006310,13.997466023640156,0.13246234249830774,0.0489158014932892
1015235,13.34810287111236,0.16529902939083266,0.10934279375891932
1001430,13.011981523925831,0.10424137237864992,0.04935390065789372
1008102,13.339995233987672,0.2193098681340265,0.024779170008269458
1011690,13.455911027697612,0.029662316153760294,0.009600737213038519
1003024,13.824358443906242,0.24661278167470832,0.051398755071867745
1017566,13.063453678437805,0.06601062021097183,0.0791400586000397
1014306,13.324300180735928,0.09839002964042831,0.06611360859403684
1002498,13.650128022468486,0.14441408494642155,0.05893632647242985
1003991,13.551330276239577,0.35753272852123574,0.13600930215132204
1009064,13.304809906430192,0.27000161281463025,0.16185987020174245
1004572,13.243056739626619,0.06331051320926712,0.08434222459414345
1015005,13.277196095012508,0.3084056399617053,0.11885002590830174
1012589,13.556094086625462,0.15069943281989923,0.04877867241107757
1013443,14.00660125047895,0.25325435986445743,0.16282315352580207
1008891,12.351539152493652,0.22808727325620043,0.04427186411488828
1011829,12.258460969076275,0.1959245708862868,0.04303379978875133
1006621,12.310906841986363,0.2163316979025323,0.12847159255720955
1010575,11.904793415532632,0.17161702759796513,0.059137527224087716
1016787,13.558431097077927,0.23924527391350284,0.11700996920919665
1012940,13.251891905035373,0.22518917896397633,0.09586277464942237
1014176,12.646654222463077,0.5217885368778716,0.1983932895056392
1005746,12.787186532765205,0.2255982327556918,0.1714237137897035
1013531,13.320049691601197,0.2820248712940609,0.13245934470678683
1005753,12.631701254510403,0.22496745419064984,0.13160169038595604
1000391,13.910893295616491,0.26836315997675775,0.09814193513606952
1001147,11.833240150549951,0.31058170040078253,0.08059089199244948
1014498,13.20766303299161,0.0915307538223527,0.06714247666584897
1017027,12.273206856105173,0.06138175886309144,0.03878874382571694
1012440,13.05433302750902,0.07878431526657444,0.02908364658992958
1017335,11.909060056075019,0.18300772194724424,0.0819332843372182
1016218,12.316264801044886,0.20591014832960036,0.08832906365853399
1009978,13.355817301904441,0.1888027596311801,0.08871774711811199
1011120,13.126902414402897,0.3469981000285984,0.15442244554139414
1013162,13.405499323929448,0.26379874440604023,0.09418267180260936
1005580,11.928209175393166,0.18918555006715684,0.09522545128859372
1000590,12.763040787972487,0.19994335616529577,0.18440491528925343
1008032,13.655104487007886,0.05647133915878565,0.026009551048223344
1017316,13.658769293803203,0.19429537046327386,0.07415190686305895
1002424,13.214714305824257,0.1025333106978133,0.04555610006034261
1003157,12.01465515931413,0.23105439593946853,0.11918043850400674
1008801,11.787979927290328,0.2827992673934138,0.09859778193014417
1008683,13.863383837415203,0.15958324262719725,0.07457972251066457
1003813,12.923811947430432,0.1546559695083414,0.04260341426727825
1003614,13.281828750573363,0.2238160540135025,0.0578775719690285
1000855,13.715519670971617,0.0914034437171384,0.09977933933353225
1000809,11.982457460431464,0.10980495622199957,0.07444666911628565
1008844,12.754960339868312,0.41404882969813844,0.07083565629928071
1013540,13.24881599494421,0.11847421294553336,0.07529198242268148
1002430,13.644312186716169,0.2134796317560379,0.0758326062606917
1001613,13.031393259458277,0.20332070792170773,0.0944267752325149
1006867,13.734065926773383,0.15286727752506776,0.04825657896845954
1002702,12.805280999273025,0.04605360897561597,0.04531442349576905
1009193,12.941562542061154,0.21142556206555077,0.09921069170858444
1002306,12.026971895836382,0.4327003585446988,0.25020972261996266
1001425,11.957260847106383,0.2277752682111217,0.11202516406093056
1000966,11.2937317008153,0.22301323726701586,0.06842359653311068
1011356,12.394663994037744,0.11941493372575986,0.03793301397701123
1003163,12.868896072229191,0.09039845815351452,0.05213023722557428
1016835,13.449308914018696,0.058058421943381344,0.026403963374321736
1004645,12.481975676954994,0.11921724928766832,0.06802335659641431
1000294,12.697804732980478,0.13660224758889267,0.04321177500505167
1011686,13.286141678998277,0.3157792185577013,0.2686522959441401
1001115,12.577001321397569,0.2932869645915773,0.08675383839897717
1016260,12.644066444912264,0.19901890645125178,0.12049626431966377
1009613,13.129864844586931,0.06176344572958205,0.03698128388975433
1017287,12.9855666141766,0.16195680429723025,0.05362767874079683
1016089,13.882316407629576,0.17035949435480435,0.13214434395660382
1016353,12.96315906072852,0.14539989421787655,0.061243982744760866
1011317,13.604855491586557,0.23594967927197819,0.11131600799952682
1004444,13.713705250551692,0.3713935704557326,0.11328652396235103
1009740,13.893534942092321,0.23297340237199818,0.05750188317001635
1015958,12.20688879111541,0.250719900363516,0.10092044595599675
1003511,14.045007640394898,0.2703725870621956,0.10294359371209133
1013497,12.599115200320673,0.22297666159186752,0.09943105628858931
1007729,13.128286418586848,0.14600665862804368,0.16323373843591238
1004266,13.382232259906894,0.20252478258316794,0.11297955000004732
1014353,13.624463007534114,0.12516154157019552,0.05539129922542748
1004598,13.107021084304847,0.24921009613844416,0.07067034614216447
1000644,12.734288489729147,0.0786093193334605,0.09434715817102286
1015885,12.55126749699731,0.29137062901446675,0.19750400683098382
1006991,12.678439963397695,0.14473628067257865,0.04957760947015989
1010202,13.260781765355054,0.09572972262866376,0.057192057524154044
1014479,12.55727781164662,0.15160013463081756,0.09025757591849741
1007419,13.529419964207102,0.0655173140438741,0.04135080142497943
1013155,12.875163132061653,0.15804230515455803,0.09378554026618473
1005210,13.292647759298427,0.06260088271037229,0.007690428993635511
1009042,12.715980943017618,0.6908352485934789,0.2414533657495351
1007719,12.361915540013788,0.20894650078610066,0.11335825544834782
1006182,13.54606882279118,0.09820548799161134,0.02552860048927731
1017152,11.959934119668233,0.27542418213718295,0.14853446570304976
1011797,13.678649845412275,0.11746157309587237,0.0309682788303819
1016678,13.194593161937254,0.3484683715204274,0.11530462165512491
1009828,12.988220893708041,0.25303646927963946,0.11059522530466116
1002042,12.86561834007023,0.12843755250267055,0.02386777769294304
1008667,13.577880883616672,0.18572612443052242,0.05850218386605661
1009224,13.505954068039626,0.17136307964143066,0.05735917612290951
1014487,12.231217432289014,0.1777206818989214,0.11699498521179208
1015359,13.14963403425707,0.18174297581157017,0.04879910540977773
1009153,13.566876853086411,0.24830954749467102,0.1325870565332337
1012098,13.1511895132614,0.1175426614128847,0.12491913738589173
1011953,12.309694019064002,0.14011685363207552,0.06250052769626815
1008494,12.011175157918009,0.23007849340549474,0.13507729524719655
1003040,12.720566869594398,0.32411650823425847,0.3081338416071918
1009016,13.664955934106334,0.3549859680624529,0.07050993962423036
1006655,13.742106770171787,0.1275065289407242,0.08150148032472465
1005638,13.740699579558187,0.10596819844071756,0.07829674883242496
1000123,13.921420411899959,0.18761727231685846,0.0936123199220116
1013860,13.402532281164445,0.21745217143130027,0.07206716844320044
1004553,12.932560764301417,0.09324516319310669,0.053542063775092984
1000673,12.859538978395433,0.1975520199987081,0.05477988073096773
1003932,13.043791072441232,0.04759463979887978,0.04564104051094599
1005821,13.938124449620094,0.3645015952990192,0.10966643599809484
1014829,13.157811511165985,0.17453550346729088,0.09005860041763136
1017159,13.064628736221758,0.07443366925856283,0.002811741810592049
1011673,13.377631737540739,0.22802577684523018,0.10412961794088081
1009511,12.858183568555354,0.0804508063180291,0.07595000676847223
1009280,12.641421014214785,0.2382239096426205,0.08172423080667078
1011007,13.555383562458857,0.27768555682553203,0.07888408448233977
1007974,12.52387566490138,0.09991098627247659,0.05143355552533529
1008725,12.576833984619007,0.21889050635525276,0.08723878046384015
1000426,13.115983354825723,0.09067761740442043,0.07759190464909983
1003335,12.923087287888364,0.12461739999103474,0.03780756758960837
1006131,13.242147154017886,0.11753743541832902,0.004228311301112026
1007485,14.001296547588828,0.12980969212957258,0.04880609613485733
1006557,13.367559345566905,0.13234914939377498,0.0728083415869946
1007570,13.453023307796776,0.28606352656531836,0.12875605785047883
1011656,12.90861244822701,0.07395755804685455,0.05661652545478183
1011750,12.282844888239362,0.10078811875169462,0.040582232784978925
1017043,13.813276302049099,0.33111839684691224,0.12619310454476798
1008397,13.433034641764678,0.10218205852757696,0.0916281067093801
1005744,12.817597161860165,0.20041871114781803,0.0745235676697389
1013966,13.063890192023088,0.21284940062044133,0.09021945789305016
1016350,13.765511123290645,0.1657499779767448,0.09387207908340917
1015718,13.670098623754095,0.12128543595899087,0.040368635209810357
1004446,13.805470690399872,0.12372991689810013,0.0651329528121343
1017429,12.80447832925436,0.2622064037923205,0.09089829167243361
1017216,13.152751963875644,0.06526171137855583,0.03382756671865036
1010917,13.272265510585619,0.09384902180647514,0.05124933323990825
1004574,13.608185417072582,0.12314064676137082,0.0936524299312792
1000849,13.220963011185383,0.18932965007164967,0.08489235071647319
1013270,12.721853722812286,0.029851513745976225,0.0005622882356333645
1009962,13.477349479638423,0.2182036762198982,0.06836321908380827
1001580,12.64839798595412,0.12799835467936313,0.04304456701044746
1013823,12.713414081048166,0.22997384965983306,0.11216370613056109
1003565,13.349457822545524,0.1986057648882474,0.1344330403334339
1005239,12.895538794799517,0.14649088410335484,0.08621763187217554
1007296,12.890624673622494,0.08814186437445011,0.040176255214735
1012582,12.827818338185125,0.13169517880184917,0.09411598106636875
1010397,11.933132485818684,0.42842641459951836,0.13143201328509382
1000591,12.781049645061975,0.26262557642816087,0.0798008941071946
1005490,12.990664751078707,0.20577143971480788,0.06022166327127757
1005624,13.897405599098725,0.1181099605303316,0.08615479158620107
1005022,13.513144242162285,0.3270930669553287,0.15152390335374907
1012290,12.733557075481192,0.1542439501706696,0.07178586891393521
1008921,13.810110316313754,0.1934161691097828,0.07139888146059516
1014475,12.504526949777098,0.20265975706213782,0.06876009540791625
1010644,14.039324761989832,0.13801782292662348,0.055990276992592215
1007738,12.440385861344048,0.41717972999569464,0.1493569958448571
1011961,12.93215702105716,0.15033601560366353,0.08662159806964298
1016646,12.98854514778352,0.11071518080873419,0.07462705575017287
1003407,11.737937560083909,0.30211841883562507,0.09835088749840311
1013723,12.563206300773645,0.0785116523733278,0.05669984441955173
1013977,12.848741508906253,0.1299088959715444,0.051961236373791346
1008337,13.359542912807983,0.19909264627249523,0.10986604983727256
1008105,12.763262594258256,0.12767100477797894,0.05172931164228989
1009760,11.974785251126528,0.296337603141636,0.18076183678976804
1009560,12.885006622350774,0.1613628968312957,0.08182818525196309
1004461,13.499464070260487,0.13784892064767965,0.05835410192940209
1015036,13.544352841575227,0.14016564067586104,0.08626346654911743
1010778,13.216884820238656,0.03830950365412204,0.03192167518678341
1012399,12.479002124779539,0.10462162896604296,0.07443004231192027
1015754,12.360897015753826,0.20083519343283537,0.09313760417768202
1015599,12.5887404332706,0.15008775197542135,0.05380389618426781
1008737,13.299918339558511,0.22308555691302007,0.08784167873086914
1002774,13.534921586481245,0.2358499613680629,0.15131913607518113
1009954,12.969908551860485,0.1376410551470875,0.03922275753609888
1003993,13.274598934217554,0.3090158815084627,0.15385169011667008
1014280,12.873197553528449,0.15626651297340036,0.09261994892726262
1013286,13.766765481512886,0.2312061460983034,0.07622225187489662
1014768,12.809216775230396,0.21910649390624318,0.038991006630755415
1004212,12.821936913237977,0.12561348900890587,0.07211404349745792
1011096,13.564398877274972,0.4475916793787132,0.1511686363591213
1000750,12.742744621940888,0.15790990693913964,0.14225864212988343
1006614,12.12157488453937,0.08128564703999094,0.03639739225834957
1004570,12.926945357034386,0.30926761794694824,0.1161173185511058
1013504,13.330421608241524,0.12026632046010667,0.061822794630664354
1000846,13.72942662385441,0.1873270777882263,0.11386082893378326
1014569,12.658420089418962,0.26224102498507124,0.16600308521753226
1015874,13.912614095950426,0.2199256586490713,0.06411661403861163
1001978,12.9323420187944,0.07523558454209743,0.05023165690797685
1014968,13.293721456478911,0.15291964518793297,0.12018346071636798
1012458,12.649036125583075,0.11306211188712476,0.11501856784076026
1012218,13.278890887766657,0.11015807548038936,0.04926728607565846
1013368,13.20791194371221,0.1306962561058635,0.0384362968591473
1008357,13.3394926937858,0.0725270801500159,0.058267596081116084
1014737,13.203824107186362,0.3417711007399018,0.11935396754400067
1007067,12.743570260885368,0.05313125493106695,0.05221494555309646
1013631,13.178979301448678,0.12689662337815208,0.03625482660088375
1002842,13.398214901443536,0.24736436410358897,0.08107461142283455
1008060,13.489352678233796,0.3795319004181787,0.1577115102407835
1015452,13.244375550918384,0.16581247984356273,0.12365988558357457
1009889,12.863693941293159,0.25019456529149364,0.07351029513874217
1016902,12.466661510809118,0.10326967657168509,0.02911858485476221
1014344,13.188952904715077,0.14071684443143828,0.06815939540617993
1016527,13.33299439952251,0.08693886062360393,0.02564658317438732
1000851,12.385918862122958,0.16066632170585832,0.1278849785330228
1007295,12.141142280575542,0.2036317889329745,0.10452199160395569
1009363,12.631326263889045,0.10681955281479268,0.018176161659550032
1014092,12.925698785084043,0.2612396956191997,0.1176528076082203
1004471,13.019092675914521,0.16617852476030653,0.06641522230076594
1008826,13.088924096327277,0.15231911769001966,0.06964018224912802
1014116,12.960255760099324,0.1101579591863293,0.08253407852614478
1013842,13.72236567632723,0.4746156121717501,0.12267145347687934
1015455,12.922077967434795,0.13329449349602152,0.04897821556362707
1004443,12.167418312782862,0.14167500980467174,0.06596140998613127
1009165,13.638805231345843,0.12708812480441786,0.08541528815607549
1003910,13.098777933488869,0.1211012593771621,0.07303580789916003
1000837,13.586437555563167,0.2537141565980366,0.08808827696502981
1012908,13.759710143297726,0.17462177273715992,0.08201092238083008
1003481,13.332199456926077,0.09738336320837661,0.0385090633672967
1017232,12.479094214876577,0.22205523106258326,0.08130542718717323
1010886,12.432290524740452,0.10967440801212142,0.031875374775531914
1015320,11.636933222797204,0.1438768341837997,0.05006276336254646
1008503,13.364596597957323,0.4489693762766178,0.29679417060700053
1006114,13.334858666504688,0.19306069275647267,0.07895928280493826
1010009,12.679710588559528,0.22272834638822714,0.1003398112126969
1012669,12.44266027013753,0.10637962523777689,0.06348271545912758
1012296,13.763092573663865,0.1378006041127707,0.05217047650738113
1000048,12.601709984913251,0.22672041489842426,0.08535607759530342
1003665,13.622518408858442,0.3140834530392267,0.1046363271523433
1011762,13.212222277549497,0.25659358649784625,0.1327407006348874
1003864,12.951992053072276,0.09482861279041649,0.08928726383667819
1013172,12.984361787465863,0.0706707906837995,0.04288881476180461
1006885,12.874089236107721,0.06775999323201914,0.019352988708742025
1001388,13.157051871964113,0.23399826282858094,0.0766948761353491
1001991,13.43817076698238,0.14222969873210808,0.07537460996905089
1017549,11.72673021301523,0.16431066778963888,0.053520085018370814
1001961,13.092586228878824,0.2105964007751354,0.09755243946257934
1015507,13.252366673581307,0.06712725912907438,0.033454883798501714
1006309,13.12677310548825,0.26330902209396095,0.12938451326332084
1004308,12.955054333944046,0.06410048040660199,0.004939533358803873
1015073,13.82172801675416,0.2759692694328903,0.1309931558422797
1010729,12.72133823609262,0.14232956765443458,0.04106147548231443
1012308,13.337311008369543,0.09688703340788148,0.04656141452698873
1012166,13.687343037417138,0.12491507898753802,0.08168995589986797
1003631,14.06569828095657,0.06110834145941628,0.04823388999841472
1004020,13.417916775986745,0.1896047126904679,0.0865882304481395
1002610,14.00045217228043,0.2191375454938373,0.08271186170710954
1004381,13.425750743786192,0.08167619126185625,0.05119439777180704
1009736,13.415672377747944,0.46606862118711845,0.10245183546379746
1002839,13.498413794779218,0.20634538299960453,0.10215380785432705
1002701,13.155621207442662,0.1948460620631501,0.09342227278504293
1005949,12.736672724869047,0.11757736840895068,0.04739614630441389
1001052,13.316608785356973,0.20516637023131784,0.08430330148527715
1004614,14.115424838970295,0.2824368737144224,0.10865600718544033
1003189,13.174486861747699,0.10660686185329567,0.06010317152246639
1001621,14.004350066237764,0.10138706962011522,0.028596459238017766
1015602,13.092086624973632,0.1568676799489045,0.04902193418272867
1004807,13.232814134993077,0.06663833698797543,0.02737121758035699
1005871,13.36761591135877,0.1552109266265106,0.06328219982106198
1011850,13.069890473264827,0.1399448019817499,0.10445496483532835
1012554,13.030360918306897,0.15255715675585035,0.07071010705138632
1002810,13.065965242803056,0.26837967172932375,0.0736269880724405
1011833,13.005745058332773,0.33997331947227055,0.13749032773020498
1000178,13.453488410167344,0.13561602810963058,0.0630286024557952
1000119,12.048346045050188,0.2442993996589229,0.08707546987891804
1014042,13.752510984657505,0.15465343283375646,0.11138697316475789
1005464,13.089422996799811,0.24634475590424956,0.19126801015503714
1005662,13.041777484058962,0.13290266289159894,0.05822772513886432
1007954,13.17485291374391,0.1635259975564609,0.07492880105532941
1003722,12.863460399394478,0.14102115876684776,0.0728591853076492
1011418,12.789968565763578,0.18926903279074003,0.11888870839569007
1006298,12.816237316808234,0.3943459703017385,0.12807557314652745
1003868,12.297433994471765,0.1258752191635592,0.04008169838794462
1003338,13.116833807505994,0.054586275393114086,0.03836910953264486
1001362,12.874823789155498,0.1868280667963492,0.08460394533343481
1010878,12.232343593616527,0.4225262003208953,0.09725847667782447
1010781,11.337133943008883,0.1836876573790976,0.09606566332697866
1006998,12.926572295155095,0.09744587899578398,0.03833506327497405
1016473,13.895497405167044,0.2349215035456624,0.10764657445300932
1014106,13.060660433434672,0.15041381581108887,0.050098568199691725
1014702,12.172627739980655,0.25322935409926806,0.2256026629383955
1002395,13.019951651118923,0.04461507081218849,0.026397680278900597
1008292,12.029584627517108,0.12271736636409981,0.05009256910919897
1008276,13.020455381012699,0.07965942921031213,0.07003397357129784
1009565,13.245316452254976,0.18772012574195346,0.13267802412821914
1014263,13.265691188645938,0.3438974776875645,0.12396053714572458
1011760,12.814926210100845,0.09891571023191513,0.06145796170746537
1004747,12.769433835672922,0.03146870533766302,0.004981085241890637
1002584,12.093667464719234,0.5104145671109552,0.18718425763955046
1008365,11.639122706433652,0.3353657098877856,0.13905108123640722
1014123,13.215743766213581,0.058784937879447254,0.03926386924504327
1000493,12.707595172160026,0.14644244178548763,0.061511701681038145
1015617,13.669497533795845,0.1693432555860739,0.08122571856439542
1005560,12.827885549571551,0.21848390082630467,0.052942617419306615
1003326,11.726041169273289,0.15174462500080776,0.09856076095517194
1004141,13.478841593308005,0.04591603209131835,0.00844178448959496
1016856,13.259497167159452,0.16618536091747055,0.06512707582345165
1016378,14.011930154941362,0.21795651853504783,0.06275546753570493
1004455,12.194960891521754,0.25857727499498234,0.07088746592695806
1003802,13.044996955997535,0.18200287049680822,0.14858749414986683
1007422,12.550090000954487,0.16035686823801196,0.07563893477155381
1006863,12.719613458615333,0.23261510213259182,0.12521589426103277
1014643,13.122446638601557,0.07476524629451776,0.044736686616818275
1013768,12.862715084221579,0.16299084508902126,0.0561783141058402
1007776,11.76026349750058,0.13885910133543378,0.07578200444821641
1013288,13.510855140339602,0.2619376592693964,0.0612735141457664
1015553,12.711741004410769,0.15167027345151837,0.07300263352630554
1010472,13.87179486309504,0.11715156393984269,0.07921063840512778
1012123,12.812604682093255,0.10136544190600616,0.039196895437499095
1005564,13.594115789198321,0.06307275674426685,0.06568386375362127
1011914,13.824525346349736,0.18499359546077618,0.06045196848596061
1000185,12.89670571514261,0.16572682562724622,0.06397965335350057
1007145,13.744866700893592,0.14781512425037707,0.07636355242218748
1004305,13.90139602430495,0.12115087443757651,0.08896974345577469
1016831,12.641060303511756,0.46102975844885147,0.3217467348896934
1005824,12.509637121898157,0.12476379906752304,0.03867962545572224
1014512,12.290857208139943,0.14283260110610804,0.06102846264000491
1003004,11.924105893034664,0.2327934489035106,0.142107769635288
1016907,13.61503809370484,0.14922438373704427,0.07844121952653364
1011642,12.30017801828641,0.15833024637865664,0.11883562073982201
1017068,12.848028659661813,0.16653599350984283,0.12209361768545408
1014914,13.081679476811232,0.15300524096743298,0.07201245458224592
1003596,12.781996422143411,0.1268010658653562,0.07265713104900982
1005666,12.217134632729925,0.13396760999440627,0.08753390004520441
1006492,13.355024529303604,0.3476392035986506,0.2426093561839322
1013898,12.729231741377069,0.23684001428059237,0.11203743007595288
1002358,13.12252823926403,0.08920668738283645,0.07896643399968414
1011863,12.827981366329979,0.24072584615347825,0.06667151893549496
1002326,12.247553683493825,0.16422626448891067,0.10709554601892612
1015705,12.999545648453855,0.38571826790991637,0.18304947615755365
1014404,13.260594772342467,0.15554887371545412,0.10002675443557733
1010590,12.892516534979116,0.11552551295379002,0.030289844361569597
1005026,12.651624658091425,0.34033479277333817,0.2212268241793932
1013506,13.1430998218398,0.12993003957135627,0.057073338624073336
1010381,12.26174488195084,0.20099964862462727,0.11311151794201067
1015854,13.372096539279847,0.3080104221090587,0.09854047155995184
1014958,13.38007374496901,0.22185439725825115,0.11884803686928297
1003443,12.72776243182257,0.2491320251422971,0.08516238486467552
1015046,12.794531308766302,0.19189894597676588,0.12738274220686494
1008207,13.629724508975945,0.10837960564362731,0.042877265469956335
1007567,13.328609112113913,0.2682486358947745,0.12714306212474877
1007193,12.076023840372827,0.34903288421511325,0.12325220356722798
1016652,13.297594342368319,0.2386195661237929,0.0505949349438062
1010246,13.467258296729591,0.06108746599391076,0.023506077998817487
1016816,12.737865984644507,0.10561170089870295,0.031939717024215865
1012048,13.570536646120033,0.25590078425245,0.09509484283565463
1012995,12.658776127609476,0.19920399406514136,0.04352429167162926
1008389,13.95032991259646,0.06004168576929866,0.06295499374343427
1001797,13.734081155738377,0.12194277609059413,0.0545295327475845
1015129,12.524641411245577,0.5017861548167662,0.14127559726328087
1001309,13.820892257435725,0.12043156130057346,0.06415989488989574
1014704,12.87967279073515,0.22158202389489443,0.15622836807850707
1004214,12.884663052939887,0.08212991037140298,0.0492113496394312
1012177,12.479429945576081,0.22544870998522315,0.07881547520078687
1012573,11.998735902712871,0.3078755811431454,0.11758310562078389
1005914,13.695533164113627,0.11458088738068047,0.11188872383454958
1011348,14.031244651834086,0.09882659108859872,0.04210750057241209
1006898,12.797373867824346,0.25045275981283094,0.10423805328404248
1010851,13.420139667174457,0.1464845568685217,0.08824981373042319
1012181,13.070976913069233,0.10885704572492441,0.05844243819725352
1003624,13.65531320561597,0.34723807473845775,0.11168346535926756
1000480,13.670244539136135,0.21683431967126637,0.056560857926697856
1006017,12.520697925131314,0.09727328820684385,0.021202303177565534
1014589,12.965692394090718,0.24705442808164563,0.14973372125568443
1001495,12.674585948767842,0.1811388746519956,0.10734626291643364
1002376,13.004615314764393,0.04342881762733235,0.030085954676323155
1005156,13.069455246803813,0.08461032201797504,0.026168041910437284
1013272,11.70392745455956,0.2439634588598499,0.1258938277136443
1013590,13.496877102722918,0.0734155719325342,0.050462456405058295
1009303,12.885116541860693,0.24772857242385465,0.11412705577175083
1006647,12.893783258549325,0.02889887623946604,0.04085519229921098
1011701,13.462521364763083,0.06663136237580912,0.09020502907352028
1005115,12.9872271331604,0.07134066763933779,0.034612429270660536
1014032,13.052160248102663,0.08755664664032457,0.04826241044724172
1004359,11.64429400292432,0.14651390757809807,0.06646737880402835
1007352,13.91627485692713,0.15161940759651918,0.08318850639613552
1005991,13.249339882409695,0.18406487360695914,0.0603161776189029
1008221,12.423898629473914,0.18593057361550816,0.07410197322180294
1000137,13.585838917353753,0.1985898312096052,0.07164698619300905
1017376,13.148535481650283,0.25035970453957673,0.04474255201877765
1009451,11.74627226544842,0.07548706493557143,0.053744921842118744
1016540,13.822189866959548,0.20979372529916687,0.16564666889106186
1006494,12.607535077545121,0.34031733883807186,0.1509377058471719
1010870,12.74482070207659,0.18146737978893093,0.07608698908076073
1002998,12.62015460402465,0.062059074536019394,0.07965165204980432
1002533,13.76100839966476,0.20099187442982294,0.07741612017536453
1015330,13.077240998617967,0.2011593757171604,0.07003609415262281
1015290,13.37498223935963,0.2554382331087603,0.10638719889436553
1000108,13.631091169362472,0.23488798018940382,0.12479197076361867
1016877,13.16302213706606,0.034422022268128356,0.015977012747600175
1017264,13.555976942260761,0.1749071772466478,0.03812626433391025
1016429,13.992638086581342,0.10051459866108452,0.055561948419934004
1014200,12.972664319600202,0.24517344497016216,0.06884803351025362
1000376,13.086291033070209,0.27666345804969383,0.1652311895736254
1012140,13.29797682485576,0.07945400852045299,0.11743280934710416
1012739,13.519258588806224,0.12336192705544753,0.057684057657987446
1013652,13.141922524125691,0.16008798509223368,0.06744887474208631
1000974,12.834059632751405,0.2702161422602013,0.10551957048827627
1013403,13.561786692097606,0.2529697497921839,0.10115029281729083
1008426,12.602280002624292,0.5050615002728099,0.0799460956051853
1015621,13.271604790758147,0.2632385289813013,0.14370041920171223
1005934,12.932304590866353,0.13838771888163767,0.07419880915208356
1008751,12.872195853941866,0.09524067253404013,0.05558019691189177
1012742,12.91090154397527,0.24467648081502605,0.1329998020476781
1007114,13.442355485413216,0.21649084228351004,0.1075590779567141
1001498,12.957400539342053,0.22796904847263885,0.06245623041171346
1000953,13.372971910103283,0.26957540423607074,0.119821450022333
1014291,11.949119591353526,0.19106370957994598,0.09459278002599526
1012540,12.585814601120555,0.2920674390240935,0.1843015013667967
1006788,13.888288100109614,0.12010271941199682,0.05261509443529179
1013381,13.109773838367362,0.23848215960589428,0.10692411256618839
1002765,13.39161429442337,0.19774828478557974,0.05636324912238704
1010322,13.00363473677355,0.06889168065966668,0.03263370011189684
1000581,12.91287385625238,0.29557524129342183,0.06035621056319992
1008099,13.23955957070286,0.2494884464782736,0.1658179126939096
1016547,12.68697887054809,0.3590532085173541,0.15606475426945424
1002175,11.98666079827145,0.17782446044326092,0.07353498386791708
1004999,13.834362114268457,0.09600855717888931,0.0653301929950493
1007332,12.910429088620798,0.20312684939604472,0.0553933881260359
1015246,12.555607676983087,0.2018759465345871,0.10426787938067558
1005260,12.716053874199892,0.1443900082597932,0.09719246342630258
1013499,13.375837131361836,0.09304004077490487,0.11070122535761658
1000422,12.886501355666331,0.3061962267943467,0.1332244572050666
1001649,13.0801548087215,0.12543323150856864,0.08343640818521504
1014478,12.222347316488408,0.1989703008782896,0.10959137124898741
1004052,12.34417398415855,0.29263764123581176,0.07388393673459925
1011873,12.26767298434064,0.18755323830319198,0.09621802767853233
1012406,11.52327427956465,0.1661432918175707,0.05628772524313028
1009738,13.35462550850634,0.18685524745266785,0.07305520098780725
1017334,13.828027565632304,0.14099046017408265,0.06038957471897929
1013625,13.081093386217518,0.2142104866446923,0.05551132623072871
1016073,14.118918955365771,0.169348842097825,0.06855087524356133
1000042,13.082537856023414,0.1319999784168357,0.06886421869424775
1012147,12.333287524859514,0.40474529963386224,0.34283067473724277
1010617,13.834441317490418,0.22927242546422147,0.06147889430760631
1002782,13.07068731278865,0.07471794620276223,0.038045471122506634
1013195,12.764035229918273,0.20245960514663666,0.18199399284451345
1003727,12.356383434542268,0.21804637692466844,0.12891439254119866
1005209,13.49441880413381,0.25199363613516046,0.05818341897418472
1004452,13.86772331671087,0.13409530229080385,0.03977677311407232
1015064,12.925662545257746,0.16932786073679437,0.0929463296272322
1016545,12.244567790531121,0.1499696211659397,0.016016257248227216
1005361,13.151782853368248,0.1543278703142791,0.05095704834002843
1001011,13.125476324263294,0.10852826865259466,0.024060018525329317
1000612,13.096202234346697,0.15037832344003413,0.03899873404745606
1012563,13.487959160304397,0.18407665958328415,0.14497795280480155
1008618,12.134581439989105,0.5077108548758057,0.21664524650079253
1014584,11.568313890804497,0.23883593380015258,0.10125759583200797
1003155,13.706922929639155,0.1781283469318635,0.08640177790235747
1007199,14.012118926553812,0.26786925575405374,0.09744988430523478
1002185,13.902715340903915,0.05615379779426802,0.028330108450236507
1006943,13.056106174870932,0.1412278341733622,0.05788685585530353
1014516,13.488135594811581,0.1273959620362487,0.062130615854864533
1015495,12.385386698899616,0.22857080992731194,0.07242070091281955
1002274,13.049189386442299,0.2111169285547388,0.11015658067133927
1013213,12.363098660511064,0.11985860112687659,0.04698668684996236
1011962,12.691973358727708,0.16830922373534113,0.09572634652000743
1001583,13.523772224518629,0.14910168479591254,0.05887748378747024
1010478,12.183213382412875,0.3884223190876196,0.120472105144294
1017459,13.587589375930266,0.17556317181264716,0.10864682246277703
1010812,12.842379345795214,0.18567146072975144,0.08810397853380815
1016860,13.002563216524072,0.2040283480154993,0.08871636538929138
1005757,13.841591670199245,0.22640734875882407,0.1196613060652663
1009438,13.272972126737079,0.06875083889596191,0.055891601098798864
1009847,12.785877106692224,0.11236846670000426,0.08206845548153428
1013920,13.42895076041684,0.07238239750445104,0.0669893604311972
1008611,12.625265161283068,0.2622752864501505,0.11353556114126444
1012699,13.053864336004787,0.34319642242338216,0.08530207402787911
1010157,13.485479968322853,0.25409153465121725,0.10075522354232497
1017217,13.780836827336525,0.2359318628066548,0.0726686197380768
1001802,12.99884932658378,0.1163243508124102,0.09956311821438929
1002918,12.029572386266665,0.25319862791572517,0.09516363310682109
1013483,12.249244308702758,0.08772867963735652,0.02816362964930223
1009373,13.023090090089429,0.1519309455817914,0.06670651301653747
1010674,13.737491441435257,0.09470850619250079,0.06807418621137455
1004938,12.95909252178664,0.16657861634717008,0.08168854802390833
1008435,11.995927662000502,0.1723826119512819,0.07247576954505346
1016791,13.355860898171388,0.40809601986046357,0.18890584458211726
1002618,11.492530130111751,0.20144302160796715,0.06428015094952463
1006325,13.068102936320114,0.06631858134645743,0.029965989262022638
1013095,13.236602534421982,0.12846656013144353,0.06744891335711799
1014886,12.559889014083451,0.07154821701054669,0.01847613257181638
1007315,13.156828619754227,0.07416055065569213,0.019125725294387483
1004986,13.727340642075058,0.11499349941796863,0.06830055174798517
1014991,12.692734442034599,0.2691356879373768,0.08749217996819415
1000354,12.784924276601275,0.14399209874489965,0.07608693998224672
1010869,13.962428715659861,0.1770469539537586,0.07869238631765123
1016003,12.22496461318264,0.1264237989587587,0.03608257510005655
1010701,12.198784944272118,0.36384374419830595,0.24815475963172737
1016992,13.263681722780547,0.13723806136046252,0.09993391625841472
1001189,12.782841018288122,0.06583692841042445,0.061436195722183666
1008191,12.77522802270299,0.23393032691571658,0.08783058207311216
1014779,13.730952735956498,0.20853751599755352,0.12378146180895808
1004681,13.291778949696456,0.07086328088177897,0.04415106955970144
1001227,12.835572451335757,0.242824024685591,0.13109425042537973
1013551,13.741569269336978,0.112743674583683,0.05730687532190148
1013299,13.593967417601599,0.09613466929559793,0.04743943810185882
1003058,12.030611384338528,0.33837208466156316,0.1004508942352457
1003345,12.415863413409285,0.22351594999234584,0.10782631162561308
1006827,12.96155800875976,0.07729255557766479,0.03717408101498571
1011620,13.335391221561219,0.035988563985913505,0.004160478899194608
1003696,13.219578840337626,0.24383603039230084,0.06485885460912515
1010599,13.324349400471723,0.1379627654674937,0.08264462340810216
1003909,12.961025382186659,0.22255853555185626,0.11997953570861118
1009408,12.480947061073275,0.2347058644084193,0.1415284695880385
1000298,12.168359015951996,0.3370936805113957,0.14081101604394983
1007705,13.154314160099302,0.09923939364533953,0.04410926014832486
1016582,13.396093289137418,0.06659465223524824,0.01707576079267224
1004987,13.93231384218408,0.157569769245783,0.08195518280361652
1012473,12.918265057290247,0.3180897037831717,0.10653353502790423
1007245,13.366541638526122,0.2852120057642499,0.10279238683348037
1008852,12.942733971270556,0.11649768518931725,0.03747571313267911
1012115,12.842225428039761,0.3691480389704512,0.15854033468722992
1010244,12.718474316365002,0.1146649120312153,0.037008843033669456
1010934,13.669695882100148,0.25591489796900396,0.06029876089534186
1005499,12.479818512987684,0.2355092497535935,0.11571110682970497
1013865,12.42384433375399,0.21943976251973443,0.11699724628952013
1010876,13.591819527459474,0.2731420978698525,0.24104272022543413
1007843,14.110152676869575,0.11856185195660318,0.0710168814646194
1013978,13.556667468658626,0.16817749208944643,0.06366088296650187
1010398,12.808209517991665,0.24666651900779626,0.20418925281246766
1010790,13.737425449837312,0.09971910018308304,0.058988260261414995
1005979,13.851284068021927,0.17207127789247617,0.08221390790293996
1000545,13.376208711995552,0.12179963426104644,0.04502425643495799
1015773,12.002155529893813,0.2903088678329573,0.11911039957623147
1003264,12.527995201767018,0.1543564956748164,0.06748096757207434
1005902,13.954407577793695,0.1575797695080226,0.06183326367297736
1000564,13.869700330154005,0.07305265214325032,0.05807952188356071
1004697,13.57019376302571,0.10843164999042765,0.03902183829985643
1017223,13.485279981816154,0.21448245568275415,0.09954504018376818
1010110,12.177041139956506,0.3063526495784023,0.1466336050809315
1014201,13.101567515624062,0.17897247236172498,0.056681214628715205
1002571,12.66638272110824,0.22824823421036564,0.21372950010497072
1000438,12.958131193400405,0.05180388959231807,0.025470871988385973
1012520,13.230862162282273,0.18778677627171378,0.07267949471108834
1011006,12.532872380394863,0.35110105247674805,0.19071024313341897
1001172,12.841319455246412,0.2743171278352609,0.09168136337803047
1000500,13.140432013646322,0.1723513557147624,0.07143811400916389
1011326,12.752214396777298,0.3152439474789114,0.12232773877546937
1007240,13.993777771150487,0.1398430461713103,0.04870594067265129
1016370,13.488937971780276,0.23116047586777821,0.07086171330819414
1004879,12.675522991256317,0.1986340919450433,0.07292079605146562
1014500,13.419742462136597,0.16644388893763876,0.11604793951351469
1014112,13.086825275103571,0.06591887212925204,0.04040838767044052
1016520,13.574906652547137,0.09434815404796816,0.056698303704840435
1001568,14.02216088604552,0.13727616207375495,0.0796789587621327
1011940,13.397655261199825,0.14898824732520474,0.06577251353957768
1001247,13.216953977110506,0.18672365273155192,0.08805060250286087
1007138,11.918155129920383,0.0642550647706231,0.012190794011533123
1002028,11.783781630694348,0.2143605564970821,0.08418107038668148
1002776,11.578176231525944,0.14174111876373308,0.08190545702598712
1006891,13.974303730004273,0.30625035566161696,0.10798266603192228
1006930,13.232211447715352,0.19516259931261254,0.08016403338014698
1004154,11.83547698305541,0.11974046914105076,0.0626478058456102
1004167,12.519934678151571,0.46369186613536834,0.1290305824349872
1000126,12.835199877859923,0.17184607248657177,0.06197934917991269
1011315,13.70762614483696,0.4093262519565419,0.13060617459866533
1006547,12.647567576716506,0.11514080801441919,0.062316271827223234
1002643,14.072580019415037,0.06057588797546574,0.04173022221585269
1012136,12.857758187321197,0.2920418693564485,0.12543156075394082
1016486,13.123716014664533,0.09684475154008616,0.03568804217923324
1013988,12.77558914166596,0.14434839302899088,0.07209149366878434
1005804,12.981595674402584,0.1244894212799439,0.05914803306460366
1003734,12.945957652924346,0.18131758291664024,0.09548320844298858
1002104,12.69665531736623,0.07551200143727342,0.10140758685006565
1005205,11.8129255359448,0.30403166185567676,0.13392548715171554
1009466,12.76431205616199,0.27937908258272903,0.11167169581359279
1015962,13.814814511120334,0.20519343334616816,0.04700818846420775
1017440,12.999717276975389,0.2243846126462027,0.0947481444203953
1009857,12.606710976086426,0.17693354000428008,0.10717101472584772
1016518,13.492746901551422,0.12938001059766488,0.07365913559700255
1001472,13.288593229372488,0.3334964490982539,0.15451724411816395
1013836,12.855014437717877,0.29334532602738406,0.11910768786765949
1013156,12.712444210723604,0.28289610092931017,0.12126871808166614
1006419,13.247701864895799,0.07866945909747296,0.08637696767590425
1012327,12.861904072824832,0.20764551600953038,0.07723705734069357
1011603,12.93935408011866,0.1406357420579051,0.12013907577810115
1011237,12.44496475818189,0.2963523552263421,0.07722093539513178
1006376,13.268274099851135,0.3772251571435599,0.11508780224962235
1003718,13.700000646266128,0.128699888390375,0.07030166721976802
1007256,12.692208237756473,0.10419988700707535,0.03124073753988635
1009123,12.832759802835076,0.3559574324169431,0.12217912596939301
1009800,13.384697208554945,0.13927650331744265,0.0560346242976863
1014381,12.789297789369549,0.2377104515833478,0.20686795067832042
1014756,12.03335655140402,0.2890997763075038,0.09733776972705788
1010017,12.394850926607608,0.4063422792657999,0.06899928856257417
1006750,13.196408894539335,0.3870871190044055,0.11664426012549807
1006116,12.390147755335152,0.2500630076779114,0.1020969136574896
1002266,12.464330534911936,0.4364503415344667,0.1429741092785878
1003732,13.533990960015297,0.2563794191888958,0.06851463197287186
1014605,12.909767906514208,0.13332507525292484,0.09260667747228218
1005167,13.42384712298797,0.05094937723086346,0.020288301554779644
1004616,12.99233048153163,0.15098840629956653,0.07565035760823449
1002077,13.079884875949931,0.25118477635999203,0.18103370753743672
1009147,11.631041698429948,0.20931945440796415,0.06397489137983178
1008676,12.972141113798198,0.08398919586219791,0.030178305626832897
1000697,14.043593032415053,0.09710650554592058,0.08778829045090578
1012490,12.613311853415224,0.2703543645311739,0.14397077759290658
1008687,11.948407289470829,0.15985679283112092,0.05097123237486717
1008448,12.953931109371474,0.29001067518066964,0.09792447623489778
1011573,13.067629511377874,0.08890805017264827,0.06274962270243367
1003333,13.098201501035296,0.1879389835385744,0.12712922271154398
1005169,13.074842930890293,0.0673888321085992,0.06052844789916247
1004219,13.270607065278252,0.1380812778729697,0.07236498497620064
1002872,12.816585707343108,0.21177869749879202,0.10784755105822559
1003894,13.96890094362742,0.30672909034816453,0.09724717608448939
1012033,13.540560028007699,0.18597719065579624,0.11043475277641092
1008244,13.13668427478297,0.10705485833183778,0.026570517739014463
1001282,12.469476162331901,0.18951102974516912,0.07887087435857494
1013726,12.614635281647475,0.31896655068994356,0.19081680821705135
1016901,12.543519061625913,0.23593444640823177,0.09573947763772665
1010327,12.407210331230274,0.2519131104723407,0.08463464695703667
1016124,13.238855499048363,0.17044878071467504,0.027720028953799287
1008122,13.541797435132347,0.3133422137935486,0.21453350728660753
1004258,12.496096228147966,0.4802895564019567,0.2495074421608684
1009831,12.49594087539724,0.34308926757348657,0.17015421035774173
1009274,13.219528936118373,0.2188189816181117,0.11603018556812582
1013627,13.889681372014183,0.14983122530442947,0.10396543656650303
1009112,13.499225674784629,0.14596348973694134,0.08615484580094009
1015444,12.58076430800553,0.3072181570540742,0.09872246160066062
1010686,12.884589457098103,0.135476814102779,0.020999373214818238
1008681,12.808885389591401,0.09020702747618074,0.05599952149005416
1000230,12.987140645586118,0.2325781932400561,0.1353137815439225
1007830,12.891138607290786,0.13381623020848382,0.06352299098603416
1013370,12.05724272821999,0.22802710122175968,0.1806505956035128
1016913,13.271756391772376,0.3296469363607558,0.0771664621922124
1014226,12.676100199045143,0.12067739432975982,0.06436653242902764
1016295,13.546183702734119,0.252758382069857,0.1273376443822227
1004218,14.222727847122222,0.24021183669955107,0.12489078091693863
1002516,13.046238889530184,0.10694356822278558,0.03716627318505701
1011322,13.32073637010437,0.18082697811174955,0.15998213743279877
1003476,13.206199905082642,0.12944913958496232,0.04346300369716907
1002964,12.846818187221611,0.20252894235832475,0.12697127221435153
1006872,13.403953538630725,0.2180782234242643,0.12292827611802119
1013452,13.699591046650903,0.3807036737268378,0.11829749192749263
1015649,13.05988484937661,0.12127515333850082,0.0591043214583242
1009762,12.904253521112198,0.10995193984174484,0.05342903801420359
1007675,12.848048898383022,0.10596775735927948,0.048420897413912325
1003517,13.00547395814003,0.1437826230035101,0.07397521318043934
1013881,13.189589468374383,0.14979795030781798,0.06459064226427562
1006465,13.518234618943916,0.12092296212748806,0.051303463515581745
1006034,12.850252087590116,0.2548819285258946,0.12400434800702194
1017387,12.609518926742984,0.2852607227828899,0.11573429410076758
1004974,12.838149743822617,0.19162174034432436,0.07904388646512456
1007392,12.241784541986162,0.41999710896395775,0.19185672480185129
1004006,12.586669911115793,0.18055385700636264,0.0895043308244742
1002745,12.66264812612267,0.2644346355135877,0.0815418679220174
1004186,14.024796673472887,0.1505392771285539,0.08010396320213588
1016359,13.367278349935605,0.12881883826298113,0.11558894898665929
1012356,13.570551795001295,0.2763670868613233,0.15242755721857887
1016015,13.287508872028392,0.1844027426804773,0.07580638431543021
1008463,13.001744852122412,0.2747032101204474,0.07447111276460612
1004199,12.989927004082487,0.13159508651267965,0.050756525451816685
1001839,12.87262261769177,0.13047421629825354,0.04793756587422208
1012071,12.151943965383838,0.14371913437089442,0.06402068988888275
1000739,12.846685701080242,0.1753021402183405,0.11211141786799254
1004698,12.927256288726825,0.16154618326691536,0.05506670326383713
1007347,12.903372922553892,0.11167507667814544,0.07773656855776924
1010125,13.10585787121657,0.18055427549034025,0.14766350959477412
1000907,13.0373280360258,0.21043121115674007,0.07112809980090819
1016982,13.012711236451233,0.13889177751601348,0.06775436119856382
1001607,12.750437976741189,0.10020023072095527,0.0576891053608682
1012590,13.36533702267573,0.42378679991379664,0.336925789350424
1012887,14.134212653640672,0.2588181833596962,0.08768491587380789
1010557,12.698279619025762,0.22668625183443314,0.10876790611515343
1011166,13.109965524124535,0.2994878857189574,0.13727784843613708
1006471,13.011451971188938,0.30679047343113536,0.18847374603227934
1010588,13.021956108795324,0.22920875478437777,0.08942423163790793
1012891,12.809285987381282,0.2911444924307993,0.10614007072061685
1011550,12.58479899833547,0.16871447805735135,0.06723983202092063
1010139,13.219197148841491,0.1227234377215078,0.07386759288796717
1001429,12.641609121589932,0.08186237031976752,0.04944461783949582
1003229,14.06794035064194,0.29120440894351163,0.08799329681128344
1003906,12.445539482131684,0.14366686270381704,0.12288177444658861
1015054,12.524507170783062,0.41642814519635846,0.13030047988827878
1005887,13.40888605978841,0.09904752589991705,0.040605297659204176
1015218,13.0808830035522,0.09080602321148104,0.02466492009775861
1007182,11.957059883028757,0.19788504286347836,0.0765844997666312
1013719,13.654045722018125,0.17827958457440288,0.06709888371765536
1010222,12.93808063764144,0.3783813779575529,0.214750431815151
1013721,13.07943370743996,0.25975923033365544,0.09891656666186713
1015197,13.169609088172445,0.11911055151578209,0.09326214818185583
1007269,13.979637342547411,0.0926320754207522,0.08413699516570634
1016105,13.964603971630794,0.1516562511702553,0.0679096089381899
1000455,12.774740967199891,0.1473010081983889,0.12179845047119507
1010921,12.884323435296523,0.15205751414183377,0.04836966536149568
1005663,13.153217072308864,0.12192153182716321,0.06099996250502995
1005722,13.386057804715719,0.08433597859513854,0.03407425785623717
1013901,13.100125014654468,0.16464017457037466,0.05049406050547354
1011037,13.278257498599572,0.17994062521269413,0.14540398611534336
1013080,12.906571798056218,0.15171816841829033,0.07582815096057458
1007021,12.461045057850392,0.15212191497057223,0.13792342940742588
1001655,11.68873045947708,0.1823750397179809,0.07251182217446815
1009118,13.231822044631523,0.15724344405397914,0.06729510622794316
1008654,13.232146301679597,0.28974236806450304,0.10617837951604261
1016776,12.05343376738287,0.42857949856219635,0.11968771764343245
1013291,13.735168720805254,0.11340458713543479,0.07168691032066314
1004200,12.672649587270334,0.22878141003060634,0.09512519119079249
1011265,13.88578430450856,0.13199544260608945,0.07455333971233623
1007973,13.925128166596354,0.13971831196007387,0.06555112983191977
1015381,12.99452715570498,0.16675364957911917,0.08143963810843617
1013527,12.789465155468593,0.36490879504164725,0.1834087996707538
1009249,13.194501228526065,0.045021788464988506,0.03576706598665718
1015572,12.439856507326624,0.3234216878748848,0.127999734768924
1007078,12.992005960514591,0.3428194962586134,0.09373441350361562
1008189,13.927644424712414,0.15269336421561724,0.10813645922785932
1005705,12.209493485573546,0.16040878086457644,0.060820182874712164
1011711,11.828775859220949,0.36815581782600737,0.14163879999881723
1008730,13.051200347883006,0.3100918781982814,0.08536183771783284
1008481,11.600166194890607,0.23822973197051717,0.08360688736292811
1002650,13.42655079680417,0.21746582342488102,0.08522700597944345
1003419,13.630768182890774,0.13052651184315836,0.09097468569628443
1009976,12.381414659362713,0.14234042367339603,0.10418573392714135
1007496,12.498378814603273,0.172922294495718,0.15566185086265327
1007476,13.648713380370841,0.02855518955891088,0.02551955432546591
1008505,13.446124293570392,0.09842407972945649,0.07101153566608108
1005461,12.195460322481033,0.21372587154986775,0.051240255409714046
1015487,12.496032111474975,0.12362063562206362,0.027133650065910488
1011004,13.276500354405306,0.11015098530217406,0.05610513310684692
1012207,13.614298347867638,0.1394129216810896,0.048919377699589275
1007784,13.116066443712523,0.06638936888405042,0.04806780796408923
1013261,13.347188165729511,0.24381760008934258,0.09135441632644933
1011857,13.13316023204716,0.137835537773912,0.11505838074501236
1004172,14.018322391238597,0.1903180400326733,0.0788172018784777
1005435,12.78059966613142,0.29727427790175864,0.11048382430008782
1006366,13.268635843944052,0.45994668360202806,0.11670429948543178
1007003,13.095298543617695,0.1711356497466881,0.08568715426260569
1003096,12.616681412458517,0.23884449363043309,0.0968482604965773
1012945,12.985578005558388,0.15643025060606305,0.10639001842223723
1006063,12.961047032888516,0.09021548132512058,0.14354602594224228
1012266,12.50610161266006,0.12490375473746079,0.06945851407038539
1011569,12.239925162410408,0.2573112463160644,0.08127914505981812
1001304,13.233238608751,0.10313724717838939,0.036163032469102574
1008236,13.951855339855852,0.100979912827686,0.08065736764582551
1013107,12.561845555602611,0.15798230951437164,0.09971068746231748
1003889,12.762860546259125,0.3810799894280029,0.24101786822899202
1014386,13.270803834431144,0.09027238269677769,0.03426498617409598
1000410,13.109212822860082,0.38335168744227166,0.114881896016975
1003479,12.103852700064206,0.3003889293644976,0.18362295799771247
1003497,13.602421987922293,0.2533454212657889,0.0679154360591339
1005053,12.621743768189312,0.16771471857784176,0.0746468471025036
1001748,12.049025927948845,0.15557404984400588,0.06141631476543895
1010187,12.56420412768506,0.11391688112578179,0.04463817423108436
1005659,13.810532126382258,0.2276688839939283,0.10225716814791294
1005680,13.131407091081522,0.1310276521337139,0.07654548188348685
1008428,13.866541079952716,0.2010065464456717,0.11944497985756525
1017432,11.89536573287578,0.289906574519503,0.12271209747663862
1003660,13.27498875978256,0.045661439990726894,0.039754202343813674
1013252,12.80031110295912,0.12312003806230035,0.08274755767609074
1012201,13.339907200678173,0.08084642664774226,0.05190979738843582
1016643,12.829181134985395,0.24014829849327807,0.17083209311059688
1007887,14.122780785781721,0.08328418169567688,0.04957239091720781
1004767,13.173964442450467,0.11740926764084535,0.10561357022081125
1004439,13.024571450256607,0.1860648480737363,0.08320167123242656
1008328,13.150476356225022,0.07061583162747331,0.00151991724160274
1009994,12.749231653999987,0.16601453459866963,0.09359268060809472
1015965,13.008533833270546,0.05367697826653018,0.04442581996372903
1017196,12.572801555436387,0.11644616160863792,0.08161179600663603
1010423,12.113271407152496,0.1784572084701398,0.06518646117746371
1014199,11.996818886449327,0.24043070539018715,0.12875928972925446
1009289,13.220103055894164,0.3131797333816709,0.1077570353400988
1015341,12.204346937220526,0.2658946849156473,0.14457677786528078
1005496,12.547646227302655,0.11450921541762259,0.062208393748695426
1006772,13.814709120774019,0.20992369299395192,0.07664799302744549
1000531,12.695509166393784,0.19164961385327303,0.08929282453906988
1008035,12.75010025505887,0.17678561319995148,0.06506811990153187
1014609,13.349637005531077,0.274528263061482,0.12271207096401295
1016367,12.798757209659044,0.10191917323379947,0.046473548071928855
1006774,12.55895171277804,0.24567795454977834,0.12758335770046447
1007806,13.230811351129022,0.13628604867245642,0.12034102677702634
1011600,13.280640497185352,0.11138229820064582,0.038615212176047915
1000626,13.41401872039245,0.17453046505059314,0.06761074357612129
1013404,13.4280221049715,0.41904555443900404,0.16384687821100657
1006135,12.529121722160326,0.2090000952230328,0.14706996658233365
1012118,12.766584556516912,0.11648366106158943,0.03346338651540619
1010143,13.109935718616226,0.1471126007782577,0.05232529211783488
1006978,12.681881492415737,0.14831680530976998,0.058785843256090924
1003259,13.167871088910239,0.14703393125417175,0.058025155424679335
1015662,13.054633232550032,0.08752587164976013,0.03189911468910243
1010075,12.413211020095615,0.26761486025607834,0.14788443700608828
1008521,13.530167579680892,0.13594960865175193,0.03292738638254081
1016801,12.57348277432626,0.12658726469314385,0.06320823974551423
1004294,13.40220045602609,0.17657046590117687,0.09278506805254284
1012983,12.552130449126112,0.20102405314918495,0.13969510391848652
1014130,13.099212372390307,0.19385599023635897,0.04406618595081021
1013745,12.876365261745702,0.26129946190164893,0.1335108764597461
1008350,13.676224766710531,0.39528778849274787,0.14433963437831768
1002709,12.840464620034624,0.16601546867969627,0.06296985169300584
1015416,12.722701190979473,0.2584415933424164,0.09222315405220703
1005574,13.41318741851255,0.09995842475902317,0.05659332973362271
1008763,12.268894106950368,0.28456733944788337,0.15374344078510704
1005183,12.932276708583167,0.1798131868425325,0.09258126931278858
1016206,13.117291406810498,0.15386783254099623,0.08142929744639145
1000424,12.898539277416312,0.1966632995200479,0.1378015186414239
1005080,12.756838906283768,0.4291812378043047,0.28632694840343237
1000069,12.863939291661914,0.14226543546101064,0.0723417516455923
1014720,12.939151990869517,0.28468186933724726,0.12149554026078736
1012676,13.120736187612884,0.17182975767028,0.06731535521302542
1006588,13.075944974520617,0.2511557694068132,0.15687103112582593
1017225,13.79933145317712,0.2755360104811827,0.15794329435575177
1001762,13.449950872837151,0.3486166376717305,0.08133871955939144
1011469,13.268042975465086,0.1392433708675173,0.05006576103992003
1006145,13.035487298370063,0.35488421886848937,0.19179234000612447
1005202,12.982800936677508,0.06383055857357914,0.02939586288185752
1016523,13.041277137427535,0.1862686164585611,0.108331574261677
1013637,12.622094623478429,0.20274478672983043,0.09177096041119723
1016943,12.88471498111952,0.30449421507306407,0.2778044693890242
1010514,11.840967674173895,0.3534027473676608,0.1106504238752908
1003397,13.359396339291488,0.24509229930480708,0.07614303353670944
1002286,13.055581403005384,0.14110397081780693,0.06409334264170377
1000502,13.053973456660348,0.10908211312882574,0.05920320862167637
1010485,14.030560752942037,0.14352977527961686,0.05872497323859935
1007836,13.515889926267686,0.31941141598236983,0.14017274801817653
1012150,12.12399775303433,0.23793051152746342,0.08986296143198771
1005233,12.11244323686291,0.18196784894643736,0.04362280532758005
1014197,13.630933954028862,0.18983884994765032,0.0777437820365061
1009199,13.233422822894065,0.1453576119435496,0.051779843005561745
1006801,13.77182336156788,0.133193679166572,0.047238938488363705
1013944,13.83191842985533,0.05173787941842947,0.027239917628668744
1013822,12.768567184430607,0.11425285206606395,0.06195583698792991
1002173,13.77562286439182,0.0982111140794984,0.08000010120850033
1014316,13.460555539406315,0.05404743028884997,0.03980041101014257
1007745,13.017364331215859,0.21530657125388641,0.07005890870922472
1016590,13.36961239554495,0.12220668003431702,0.05806908719104078
1010687,13.617814070817493,0.28905624907692967,0.08597721978907166
1010910,12.6808520888433,0.25885145420015987,0.08440796439681869
1011433,13.184050291436106,0.08745086908044132,0.06066391943096503
1007379,13.780409644685724,0.1458410105985822,0.04957267084562397
1016013,13.62783482796212,0.0914080376685759,0.04937602547135498
1005795,13.120941563833759,0.2121240598017728,0.06242835046027001
1008500,13.068345371337251,0.15279419609389483,0.06901800734137994
1013556,12.726104114033355,0.1176228144339183,0.05631657872812598
1010529,13.555102021424764,0.16362479683137668,0.07164598280790337
1014073,13.140009612260426,0.19228764935225054,0.07299601557199582
1001515,12.76542826654599,0.2728269933080791,0.11288877556522246
1004467,11.696264069015683,0.13209599230980074,0.042588790759766924
1008156,14.010105194915258,0.1442139831826837,0.08812270562664397
1009055,13.221891006691385,0.06267890001463332,0.03893028451571099
1013117,13.038931938003874,0.05977658287788949,0.042444134899105625
1011339,12.64377971311628,0.3363423411662503,0.12078836115179609
1006485,13.982872022234032,0.16316512003788544,0.039325556509311126
1006088,12.699048566249912,0.18955105013777923,0.11287698659087009
1014101,12.591212970470938,0.24426662747268327,0.130519311763213
1012108,11.963264932661303,0.3371891408128623,0.19220687124624303
1016338,12.075929428656723,0.17418951511494063,0.10967134726936331
1008254,13.614605314097652,0.10071101115591154,0.07357702786403443
1010270,12.912210953199505,0.08998837593400559,0.03343669561691669
1015465,13.461035511057695,0.24728764625576516,0.08973697025293291
1013762,13.251695074515597,0.17545234116316202,0.10719463639628944
1011221,13.227910320082897,0.23596989200205606,0.11556649161926355
1015673,13.890641289682847,0.08706994192166519,0.06983355437329732
1000539,12.627226908126975,0.07930767024603148,0.1123578349353094
1001809,12.883733725424618,0.3720578814917047,0.23361395152646677
1010875,13.200222966705942,0.12511294609478726,0.06112304027912335
1005550,13.957168463914766,0.25294328687465595,0.05434246779135482
1011158,13.34338955073189,0.12189219966908448,0.08085077716428565
1011687,13.249442350080619,0.14188542080891042,0.05895786673603495
1010625,13.065008578224445,0.07507992342623018,0.05860249909430881
1001350,13.21228506018114,0.060052974944351765,0.05410543763457387
1006869,13.380729190341341,0.46353613664516513,0.12877541152679078
1010291,13.439847091147643,0.32381046380878536,0.08557586413335666
1013838,13.224222808257823,0.41079410211323114,0.1396208150823672
1016824,12.899075865823278,0.2537997849103059,0.10276425613088531
1014035,13.714604943908952,0.143055144683557,0.03967910394913064
1008875,12.981937056643611,0.2028503567050763,0.075041117146264
1006671,12.90113068058249,0.1167529156205227,0.05014682944376795
1008932,13.972654117928204,0.16841030098176493,0.07568116285880172
1011934,12.940285376736822,0.07665393579349676,0.10006005287315835
1004798,13.960144165780356,0.10393615932078513,0.076891178940866
1000297,12.56362551277798,0.2081777122655351,0.1120926742553478
1005251,12.587690576753353,0.3554090257377117,0.15859952950528888
1009959,11.901524089441217,0.5506875841365635,0.28596095323486476
1003442,13.316746035371793,0.24621863989331885,0.08198714834437026
1001370,13.73595602403124,0.3255761438379173,0.21307477075780135
1013421,12.931186334165332,0.4102564608623887,0.1416994678765298
1015301,13.111566059566826,0.20219351715410713,0.04321723279319284
1017109,13.119848442502299,0.24012724216650946,0.12580056632899572
1015676,11.598690908557748,0.20393066816478514,0.07668311897388451
1017458,13.358843849219266,0.12704347252040912,0.056693057835316876
1008208,12.959608140049715,0.06322685053523508,0.056649516952635696
1004862,11.751929673984343,0.16887916594219352,0.053033843227664176
1007353,13.33005822902394,0.21861733999097374,0.09047816276127475
1008482,12.415780059027322,0.09955141808388857,0.07458901290476715
1004151,13.403001451917097,0.022929020768293937,0.013777640342157898
1012137,12.764434785651822,0.26987948511034676,0.14490231946486296
1007552,13.568289172350406,0.28608753461151487,0.10836354589192959
1010626,13.029778855983109,0.056460467394809796,0.021426426112430712
1015002,11.96285785058281,0.37222512076889314,0.1850657034069723
1016647,12.783023763288613,0.435227894595863,0.1139963940716051
1012836,11.428561151340055,0.20760810768928478,0.08537711076834185
1014178,12.727428368844821,0.4981956929425709,0.1861414265651468
1011963,13.300655866087418,0.08909751956533844,0.026176902244929575
1006077,14.216604009430418,0.1359092181578779,0.055834356674674526
1005704,13.102041714718387,0.24530908302811333,0.07524618705689384
1014859,13.082188259862425,0.15423835978609576,0.05078682392046596
1002251,13.492878320163994,0.12174686456730567,0.09522682968481466
1017178,12.575788815475413,0.24775887295138596,0.1193994258271461
1016402,12.549185366380494,0.29454340316135086,0.15035358652738426
1002133,11.761927130343492,0.27083120183397996,0.08059940235296605
1009486,13.356421953914706,0.41498618580620067,0.23619746290370164
1003982,11.711631592831703,0.22600698322285445,0.0863959407880634
1009102,12.941412596052325,0.1102505906711106,0.07637744358454573
1005549,13.913386950381588,0.09419251711484225,0.10477848279560825
1013951,13.162748598496867,0.1912611498227238,0.1598716051455321
1002669,13.39073307742535,0.17019190113883575,0.032118241038073585
1005582,13.063550264904503,0.08694811167939673,0.04591969963689075
1006231,13.598779774782608,0.4159274782952316,0.10399349496361052
1005945,12.790459702799986,0.09685895519381317,0.10334035057510496
1011222,13.257244537733664,0.06141390177598115,0.03124216154502681
1014054,13.341246558757831,0.361909514572961,0.11679768240678837
1014585,13.2934785695924,0.2385132855897837,0.12027189760588428
1005982,13.953899875079008,0.09681206681049567,0.01979350949968529
1007104,12.988791490623212,0.2709114751817815,0.0998537493894529
1000226,13.929050349912728,0.11930317327212259,0.03908215605753526
1004554,12.393081544862374,0.19597862659668053,0.14647235926935126
1000512,13.649728192987991,0.22832905574802795,0.08536620281004326
1001364,12.622318802661903,0.40710066405617973,0.24472515341446027
1008559,12.782230204407258,0.24369496855488423,0.11077217955704143
1002563,12.440604733466081,0.17696575892111258,0.03995809776481458
1010861,12.811129348794339,0.23228999341425838,0.04732469956906531
1015344,12.681222986292829,0.19951624155871464,0.0965552085205136
1009564,12.710543751202716,0.08307452488011578,0.04681155193479494
1015191,12.221470205318907,0.16452776350619844,0.09970575403346739
1003615,12.422013008968328,0.13236807839621595,0.01867145960912265
1004982,13.938777566805008,0.20026083950674972,0.15292998385553716
1010654,12.68637903952684,0.21657566751185642,0.09397870861013846
1014984,12.622368317390999,0.3695818082257507,0.22465329583543514
1004430,12.78292072645825,0.34486299011192767,0.09053422292930657
1009620,13.580736697804568,0.29793561565697374,0.08648522803733297
1009512,13.115175105500606,0.14441429525578683,0.08016370734010203
1012753,12.487233677048955,0.21154245535251306,0.1601114838492387
1011538,12.860309761045523,0.13169420972597193,0.055455615148186
1015550,13.453519316972093,0.14499747908344615,0.06443181299810812
1011624,12.130775955194391,0.3492121470027085,0.1077270041062119
1017267,12.892323543577083,0.19118708205564214,0.09499693238159988
1004703,13.692610464163762,0.23643626268843732,0.06468404754613909
1015259,12.53605569604982,0.22652422085964252,0.051182307491614835
1014924,13.74659966295662,0.23678958908406766,0.11738703564781236
1006536,13.126631859008315,0.1422102676588857,0.07320215246976847
1002210,14.052458875961042,0.3554607196929773,0.07886043885789001
1011316,12.619563005939588,0.17189798726661376,0.06899852208370544
1007563,12.801805083559946,0.061479874986228394,0.03622933621940217
1003269,13.808563215908173,0.30083425286556126,0.1458063392287193
1006886,13.396811667315028,0.10651351969065014,0.05783840348728802
1001127,12.930377358725206,0.26383610001183805,0.21486029099654091
1012621,11.528778548022345,0.2680480653141907,0.10519363964500601
1012216,12.98965713180052,0.19033042665978372,0.19319985662182207
1003508,12.603654533157135,0.33166242585069705,0.2302469028024451
1016712,13.195838712123253,0.19678764470077045,0.09103701748290038
1010483,13.328651392089663,0.06070342325527989,0.02649357806802446
1012680,12.809865273155204,0.21514000052983173,0.0875728667789903
1015573,12.64151515713442,0.32888195368538226,0.2329028694943138
1003917,12.66926617599094,0.339386460948899,0.22809300918066522
1004058,13.837054203465089,0.21834898342807518,0.05780990837769744
1011148,12.850327150697275,0.059425739032022876,0.02484828245163546
1015192,13.90052711119112,0.1386792724478286,0.09890067439459317
1008235,11.318393625868588,0.4584794810403271,0.1343293899910764
1017124,12.045337650171962,0.20589127061700857,0.05851819469958918
1001806,12.881110983266176,0.08546819670072625,0.0355108492327536
1017028,12.935844925334079,0.11800884184872461,0.1056950111526114
1012785,13.077329105481246,0.16927181154833595,0.09780473308954948
1002547,12.416648182852171,0.452776039901952,0.21432701770296822
1015117,13.557138432755336,0.10501492333038466,0.06530160798891142
1001703,12.67942836214761,0.15878367147777514,0.1319728300986352
1002941,13.108830665712487,0.10253945498634012,0.06371747496508248
1010873,13.845568322986917,0.21505325757271404,0.05820160241016895
1003464,13.296626996888394,0.09966886531910547,0.08823867799172681
1014731,14.090208069493492,0.16245960265136908,0.10928917267286638
1000592,13.890031068993494,0.12915748410718966,0.048751998131005864
1004750,12.675166003598022,0.20402265654295318,0.10728183824237605
1012513,13.42603150721316,0.24540788229589403,0.15755847168491569
1017228,13.284277601082373,0.07473043765414243,0.0639223485213037
1012616,12.48523188078505,0.11816355103494068,0.055502777538609084
1000248,12.93636942937208,0.17978968687686836,0.09895776425695418
1016711,12.544248152313381,0.26217966156114797,0.07826912558565481
1005809,11.479991055959069,0.20767747185832727,0.08044528814465415
1016126,13.944012269701219,0.1213071557952347,0.015964303401907194
1015282,13.362635712611954,0.2568648528927323,0.1139655706530639
1012762,13.546631837615163,0.17685287476035483,0.08201962292730049
1004139,13.229238189569529,0.0998099532147197,0.047044953708787134
1004368,12.89325726170115,0.35022293220685397,0.0910446639779949
1017209,13.80492992904226,0.11123071830378709,0.07889972876302996
1002495,11.961984630793816,0.0869296524336126,0.02889188659484451
1003090,12.94992522373226,0.16329806906818495,0.06633250031974199
1013228,13.895040423913397,0.2411880874326114,0.09584955050743965
1013070,13.629936285257033,0.20156961000646503,0.12910976856424047
1017070,13.808895501029752,0.12267434987641969,0.061200402204490564
1015918,12.805663450721136,0.17837447324000266,0.04599414621939687
1000115,13.46444960959188,0.17743677076099199,0.07719587833225743
1003581,12.636054633246113,0.20818120925209782,0.10338050690032181
1003622,13.40785857977466,0.12610974774635833,0.026890989146605062
1005612,13.507265155197597,0.12839591250234914,0.08135627449508069
1011838,12.342566887977815,0.44715971612133565,0.147912458668678
1009105,12.634513278093614,0.21995524560734417,0.11039549614102262
1005811,13.066748583810954,0.1693997599828128,0.09036727224112709
1009186,13.670659441860575,0.2363465741233296,0.11891749790335295
1010309,13.540875161307207,0.19633413035961347,0.11275269135795842
1001459,12.301884596414686,0.07922026715561575,0.062460147481560604
1000005,12.44225512204203,0.26617802076981517,0.07912779419885166
1007291,11.921154684120426,0.14995969530536846,0.05232869764021204
1015578,13.805317270577,0.2995779155336009,0.09634815552309478
1001766,11.412081743957211,0.3482041499531204,0.17808215098772215
1008605,12.933248963832492,0.10490250979691768,0.07683443593610874
1003294,12.55712746111449,0.24881507781590434,0.09756156777247742
1000487,13.839827170326748,0.14366563675076563,0.041963632755834854
1016883,13.744923841094137,0.06583887814063571,0.029225853582402775
1003221,12.887887985713315,0.19473044764330985,0.07873755597551767
1007644,13.053986657030848,0.12462009708572529,0.04421919308543444
1012131,13.33649686145981,0.17700341594357216,0.08184075987392188
1012314,13.908886397785293,0.1436982931745408,0.12935680127991825
1000961,12.629627658836075,0.144068048355914,0.0812529109231504
1004302,11.94561690974457,0.28013807555513265,0.18550186870430302
1001925,12.893500006857053,0.24093259584343657,0.1159567155654636
1012792,13.694452624410255,0.10965796799617543,0.03336483796533529
1004676,13.33759164825897,0.2988875194853533,0.1312615975864293
1008275,12.830042206506297,0.09875899061179026,0.03735551155631761
1004273,12.32066726604067,0.3293590034604334,0.23081334943565407
1010457,13.08256495827267,0.1111029618332271,0.08546949105172891
1006901,13.140786022600901,0.14707794582615305,0.08939832819207172
1012896,12.9594984163558,0.07683194337853859,0.05426455812095428
1005535,12.27556472564463,0.21819150275872773,0.08544888571108954
1006972,12.411073833128073,0.12503927084852307,0.03917313845124705
1015948,12.422391219235273,0.12584624709492265,0.0468055273140043
1015988,13.016877605502323,0.08114145991533417,0.033310397841897675
1000163,13.981250420451014,0.09006627712494207,0.04270447673738476
1013141,13.839259055676786,0.21549153352146588,0.08911807194419251
1005988,11.937958404331377,0.35674994439308344,0.18664676216354478
1009963,13.203049578830234,0.446401652100209,0.10057239824525355
1004803,13.253283145027346,0.2542952406372159,0.07234195351189969
1008882,12.918484770569718,0.4014124375826504,0.13750569856571032
1004485,13.260196395131238,0.18832339117240382,0.03624295685498225
1017030,12.942796755279034,0.1515354112618256,0.0484667845342741
1000548,13.08349762105238,0.2679181792239818,0.10257550041473719
1015271,12.78984492503269,0.19653113395516683,0.11387693733801238
1004114,11.580044691948652,0.22246491030992901,0.07893270950548788
1000320,12.957262726850043,0.16950047027278095,0.058968768283878724
1014046,11.94432173039024,0.5546966505062751,0.18879808162715409
1005842,13.867280893926157,0.18584922819687028,0.0552855778442033
1011113,13.750834906858124,0.21533971626556092,0.09350025086579035
1011835,11.642588866373577,0.16033506760478727,0.01950380918234899
1003456,13.807657803699819,0.11988842442917842,0.05179560492322418
1012092,13.271608814295321,0.09660670961369244,0.05165126590717151
1012465,13.113002176179934,0.4312471518486462,0.3269023908508084
1001579,13.223197932659621,0.053228566879361,0.03137004203080055
1004299,12.337064523904132,0.29916203517393214,0.07026628014136375
1016418,13.634552379887799,0.4329385222070609,0.14707018781319267
1004445,12.947646908213642,0.22159033794983513,0.1178191195325672
1017233,11.527634110029233,0.16072164937455127,0.05837211012376249
1006381,13.689971862678634,0.5492398583776428,0.07820056441190777
1011498,12.195815461371419,0.4181186883115541,0.21913813018448638
1004565,13.154686046115168,0.08874153364808918,0.03973462669513787
1005227,13.553355493247075,0.1836355256215925,0.08236163125282671
1003105,13.06112420091582,0.13619549445576204,0.13630674261706824
1016236,12.60043026558762,0.2440082368950292,0.11467545363163194
1007700,12.83671337871049,0.19911448739947432,0.09316371283676991
1014025,12.876190821209546,0.19973989104952986,0.08325495268937613
1013797,12.864920371293502,0.09675870077126786,0.035499099526970716
1010090,12.79395104533482,0.14177877236819872,0.04953070216478586
1014293,12.872122529119773,0.19411345915208944,0.07554192803035352
1002292,12.41523754560024,0.31452822685947407,0.19269543645019233
1011588,12.418536837616287,0.1811812639820342,0.07447341604744963
1004401,12.82959411905365,0.1952666741188512,0.09178137505588549
1007713,13.558492237710968,0.17553294363407257,0.06543791374690944
1007011,14.042310278636819,0.15647800114206215,0.07789635941986624
1003746,12.548508335606556,0.17081766222303418,0.08928511260029375
1012584,12.964295739125111,0.2531963265342293,0.09750300945073345
1016761,12.709608582784675,0.23074690414383553,0.12017956921442435
1000337,13.11632259588049,0.4434839568730995,0.17282600069768117
1005372,13.796890109914694,0.13970768541449213,0.05236102191558585
1013346,13.218792868721275,0.09637732634468743,0.046468682284881546
1003652,13.020642758227003,0.1404095324437267,0.07945104207657346
1012479,12.403386464978464,0.13490482371548088,0.055017589175249244
1009036,13.130618756850682,0.30164655442987176,0.07960057692352984
1013690,11.824460740962797,0.31503638785333593,0.13377125066477638
1008645,12.795351491842911,0.2952171874391021,0.09855459456008261
1005839,12.433324809384663,0.14049515631976456,0.08618334837651263
1016082,12.505470478832471,0.16475333316281143,0.0289207801513896
1009719,13.320253637734199,0.17179358219430982,0.04462144539235927
1012850,12.37724957636081,0.1108736731434409,0.049082995777399566
1009544,12.184133310391548,0.29391312804795955,0.11174759977894572
1002216,13.650897145307887,0.22228992068133183,0.08517382170002162
1015109,14.039210143033033,0.26256855646117,0.0717702351447438
1014919,12.170547052436092,0.25578499062760196,0.10133621925105372
1012876,13.44617433196033,0.4220204676775589,0.10303392555356156
1017207,11.807294184407349,0.14918964893205247,0.044733367540644935
1009619,13.55229862378876,0.23532124024038073,0.10235606926890002
1011099,12.739707548685317,0.2195601477464718,0.06147227485408929
1014553,12.843433757692146,0.1391927539680415,0.07768199864468898
1002020,12.54133579950578,0.1176297853917486,0.05092623337300078
1003346,12.92236722922784,0.26571735187689155,0.07654129274316293
1016090,12.902853271517866,0.2653752878267142,0.14008831533186056
1017491,13.814090373788254,0.21330260942407306,0.058483939878464786
1001295,13.232204150740893,0.09956951073151862,0.10576848376166811
1015693,11.534517841860442,0.16459041776516367,0.04257434570658167
1017496,13.01550241173241,0.1804946919572404,0.09104838904013332
1004682,12.847169262670313,0.21372328578290767,0.08249097038709528
1011255,13.110624358494597,0.30861653751298346,0.08416288662576332
1002693,13.97530160326623,0.21471229965634683,0.15901660596559417
1009332,12.591340834734474,0.394409677563394,0.11497485305907854
1017353,13.426618853945746,0.057328476715336064,0.021622789172016238
1001005,13.33792072917051,0.20140666509563365,0.08804822087253816
1007044,12.637150202265394,0.17883571384810945,0.12711088130061277
1002040,11.646166572118897,0.27944609213928007,0.12868196591964384
1004023,12.546379770458728,0.09831467639754499,0.060981770032897877
1003921,13.231468775647695,0.09944008358208964,0.04599353563505436
1004829,13.687354116715454,0.17089305977495595,0.04896986624755231
1005439,13.151257708716836,0.09625494535938328,0.057425827239019483
1000698,12.30452873689455,0.15627234874304125,0.06371515693017582
1007236,12.812722681647088,0.0844094706474572,0.08000061116634542
1004069,12.579129622039055,0.5656387478924593,0.17195502041074545
1005931,13.395985648677378,0.4076423204232125,0.13926103598063003
1017556,13.52221950138594,0.06174306029474987,0.07686188346143223
1010798,12.774703402652962,0.25289322330362984,0.08189426876726713
1008889,13.781700214097796,0.05562981151895047,0.010815860487270674
1010510,12.522777190383499,0.1837000710566605,0.07565418915843038
1012281,11.905504249435031,0.483154959685067,0.1726159503446038
1007576,13.118626841989046,0.3328377002392438,0.11873995609235649
1000338,13.17221581166834,0.12787810010199105,0.06932781024384058
1004760,12.44918510479197,0.09398409832286936,0.07672715987530893
1004007,13.144875949250508,0.14014313394550046,0.04165522866157515
1002904,12.329004581661385,0.2014959509665052,0.05205272274260814
1004475,12.9003214865334,0.20748548608157885,0.11964026015871043
1003380,13.00489291614736,0.3665237026366394,0.11403065156772006
1002052,13.228097784242756,0.3434502708324851,0.15566021649527048
1002680,13.54549644717559,0.2945081352196253,0.0879086837587694
1017512,12.087899366691614,0.20333384062571422,0.0917676009296392
1001879,13.150301112658433,0.08628744984570656,0.0893902529014999
1001043,12.0754295971613,0.13825280128266787,0.05776828951396096
1003985,13.397067603346523,0.11040517533965598,0.03480658146331199
1003282,12.397707776307493,0.26142169986712116,0.05583400767070719
1010706,13.255290625029957,0.13159622285607056,0.08366253426913266
1009933,13.67838089445582,0.28131995328946,0.16992989173222459
1000122,13.874614788218508,0.09565138740190669,0.030221909791664777
1002043,12.158942904584277,0.12805033617788406,0.05955197161927134
1004831,13.953220980223508,0.472144096007504,0.11939060703950441
1005318,12.41256216326664,0.4208723715003508,0.28348853323257095
1004048,13.110517273769016,0.17241970982509558,0.04866083364254087
1001883,12.119284734126687,0.18020299771681397,0.09103084955735793
1015014,13.156024925052863,0.09784946643185634,0.04907157176738215
1016585,12.874079508611738,0.13607978808722548,0.054737954623332946
1012431,12.85357516032419,0.15304597246498156,0.06555373773700555
1003506,12.730595779069544,0.26276608971565873,0.07043398798649006
1014051,13.4389004959803,0.20178375910270782,0.1534786697127132
1002616,13.159704978575602,0.08700515356080936,0.02503188367337143
1004394,13.020134456757013,0.1826723513270726,0.07294998289632311
1001234,13.781620935484431,0.12534388189776513,0.052129653505062594
1005767,12.701742478904455,0.22821782924801365,0.10742930099807299
1008535,12.560163118681643,0.3485826406449958,0.11794280409414284
1012662,13.287336854521097,0.2243156901253153,0.08143339590066613
1007901,13.197666420356194,0.14275113403676895,0.09857908761600277
1016097,13.0270148659533,0.11495040594434768,0.05996986439806814
1007733,13.060756521190777,0.3178602690088404,0.07029753087472809
1006192,12.643865265345186,0.2637584472812822,0.1420408875157387
1017495,12.847470777747922,0.24137591386536428,0.11060364384003918
1002579,12.981600221629185,0.18123744983882303,0.07108410602324826
1000339,14.056128380645196,0.22555200586424917,0.08807322367915117
1001673,12.595031138330933,0.17375279954843528,0.08752727064087927
1005307,12.92307291770075,0.3138919801150001,0.16139361901898366
1006330,13.144461473690304,0.11056302400575031,0.03358274678574127
1002350,11.693283466450001,0.2835577783337539,0.11009997674789672
1013158,11.705626509397447,0.19974179977999862,0.08214216821072144
1003540,13.08110302849497,0.08302275490739301,0.029680666824401288
1005468,13.041003873597935,0.06673494530479711,0.009077039263047334
1017249,12.452396244697503,0.2536372134336734,0.13771848868744127
1013709,13.413142308380415,0.11537170589421482,0.035030416974399695
1002087,12.468875957173502,0.2534721402805376,0.16580247612611956
1014481,12.876271287700044,0.23233994985055556,0.21140059776552328
1001049,12.6191138475025,0.6232442057607546,0.13735452137319248
1014582,13.669939654403242,0.1498727014337026,0.08011812879286741
1003778,13.000856090864291,0.2045505001535599,0.17232913882626927
1009302,13.335612387691752,0.1492890510088204,0.059812984615276045
1014969,12.93938204856345,0.13330890706409987,0.06026240958105786
1015961,12.93425964694872,0.14890096130851174,0.08056496863612957
1007394,13.422069547737541,0.0794603462327282,0.0361556042384926
1016036,12.422398582840676,0.2200986465532684,0.20211854337841173
1006663,12.967237328296482,0.06836148346945858,0.034901353127898715
1002629,13.70600060253003,0.1839930402809521,0.09305759468938415
1006990,14.014488146235308,0.18729547640403799,0.03735125644167947
1008063,12.899870272739738,0.3186753992820803,0.15956044509016798
1009127,13.55866259842499,0.12568032361129508,0.06100378400700035
1012990,12.972437078747234,0.08045698936443973,0.0321225995946094
1002219,11.69188659296504,0.3897090871873113,0.10532081371490692
1001080,12.451076965178865,0.21375686950939782,0.08271455113393149
1015066,13.748965608296313,0.12455929880559896,0.07256741345917456
1011785,12.954306194298496,0.1408519676854181,0.07851689560362357
1011587,12.16723884208958,0.21524202826420233,0.12010620697804177
1016667,12.860782746215607,0.20155940506617084,0.08013771817040279
1004404,12.81580541289789,0.12015695642312653,0.09831836241980027
1003331,13.032292194837538,0.2421921374732729,0.12888418245059283
1009345,12.974358248013303,0.1975029065224893,0.0710292991198329
1002559,12.320023095867107,0.1445868752310027,0.050439594514945424
1007828,12.61142144409576,0.17747849882163014,0.09234612324398743
1009742,13.835982506525388,0.22595517341387475,0.04877932978611666
1011996,13.504355658181217,0.2662520293686303,0.0640379768125768
1006786,12.40902373547311,0.06079677160883184,0.045345005548952426
1014417,12.363254750719229,0.19184936726760565,0.09912331973118238
1008249,13.493702361356698,0.19454395292042523,0.07195238730019488
1008304,13.753784277629494,0.2059195651896485,0.06838374705939107
1000857,11.99283644894894,0.24782375629179737,0.09669525582040826
1007642,13.703629092087441,0.16032758647314976,0.08794606188559576
1014649,12.07277591258559,0.23228032458472353,0.09803262465698626
1013232,12.65587003455858,0.3063558350643491,0.13644289713205104
1007449,13.189952465556402,0.28821413752652447,0.07283019952156977
1016004,12.36426299596843,0.5300491972340378,0.10403022241797907
1009158,12.775480716969719,0.32071018364640813,0.13340469125696708
1011917,13.065276996225885,0.07544028248664723,0.04280046146276275
1000716,13.254602585399303,0.07275010148718467,0.03794089727141203
1008034,12.726373045474235,0.14513114398039748,0.0659542587460287
1017551,12.93777733375823,0.3619793827835794,0.08577400647227507
1017135,13.522834654834575,0.14715164473532044,0.09842597615861913
1008704,14.018526613468154,0.1159693406426653,0.03655960120420712
1010730,13.323022141917228,0.18940770196411466,0.11062824622964078
1009387,11.89292942598335,0.4549826656795892,0.1533105194999217
1015714,12.970593295945301,0.0625151481741368,0.062018276967085034
1004357,13.047041766570578,0.19879084402959446,0.0634757946837072
1010107,12.966638347667523,0.45866013984640386,0.09955856325499816
1012318,13.589672658534843,0.12645191082910798,0.026979935557973803
1003250,13.126087177666927,0.1608425889272403,0.07296614900908167
1003777,13.293156218158755,0.062444050691971745,0.03796886364120059
1015992,12.370102531050302,0.1284520589995383,0.04581115629475564
1009825,12.765924517386486,0.327494634297103,0.2673580175605521
1005158,13.479682905736318,0.20316210096471504,0.06778026811274115
1014091,13.261920058389205,0.2351038164142233,0.06761276746943626
1015058,13.660850178148735,0.22142185728654806,0.09001582591785158
1013697,12.45190900033634,0.07486450638830743,0.03015357960543814
1013929,12.656954374725556,0.18576532521385938,0.11738225915148402
1016640,13.350054070505221,0.08685657221755433,0.029673901104231654
1004778,12.635016536052097,0.13925082337782593,0.13748119166807335
1000630,13.787100661841668,0.1283780040803446,0.05459221684948038
1006052,13.526245583400874,0.2419062842256751,0.13211912327086828
1003670,12.863897008927648,0.24291404506344605,0.10293586130938848
1004520,13.607861072755982,0.21960091131657553,0.16666380674533662
1013241,11.989188096081444,0.1298283150142549,0.10138498558955815
1000647,13.558177585976905,0.06611914392383506,0.04090696324753174
1016497,12.927117881200896,0.31124322566355916,0.12256814421093352
1012494,13.591845360519251,0.1680397021740739,0.12179742256841536
1009370,13.03779365190873,0.5136855990119366,0.11435513994046824
1009854,13.544542468557786,0.27141952842584216,0.07836976556868945
1009958,12.92843892597738,0.1818705922329238,0.09777022552079058
1004502,12.785144636326146,0.078236183366893,0.04512340440630248
1003829,12.719771981724985,0.33240251790746755,0.1430290047262923
1006574,12.080434638251484,0.15488813327468212,0.06729152120440567
1008201,13.760224296597464,0.2900126039220528,0.11458948880832408
1006176,13.240218374861039,0.10528874845538176,0.06003949549862978
1008497,12.942837960090255,0.2015984643474095,0.07856918417400098
1006713,12.744405051071674,0.11046700714203028,0.04287421003264181
1007264,13.033872818999308,0.030391254498042846,0.009376220504883548
1005689,13.097687246789185,0.08300926159511479,0.05858881788038738
1008061,13.511862170489778,0.27268080050289406,0.11121102085346807
1005963,12.797467766730673,0.24199727175257998,0.08799932672565111
1005427,12.365489685734735,0.1885423584873201,0.08177696762989431
1010997,13.250550426251317,0.1657722308297409,0.11385239139417112
1005264,13.758180652389889,0.31093555458844174,0.10433435309245861
1000368,14.123909569364374,0.24643447461325785,0.04350945681320567
1015908,12.252556386805354,0.20094541881015074,0.10802121236545495
1013692,12.67750769628068,0.17482373923855343,0.08839921962184819
1014816,11.67850996995123,0.32846178587021874,0.07402559763700407
1010860,13.110335671743279,0.07803547806894012,0.0794629183822428
1005484,13.40052677021267,0.2360291380251445,0.07700589756825904
1013622,12.73272841380521,0.27538922797435456,0.14377841001836686
1014860,12.58684564740925,0.0835431041845759,0.047053532224432766
1002371,12.321301692378526,0.4486982278771254,0.14761217605180948
1007305,12.669426997001494,0.3711658034807047,0.12645108197401983
1005027,12.303846700063357,0.03651196490053925,0.007849243525975833
1011337,13.896860271604236,0.19539720671176358,0.0761573752332258
1017231,11.361264167907287,0.3995965498291955,0.1907050559467487
1002493,12.85314966263941,0.2512591531620791,0.17029965577660167
1000231,12.652131298599693,0.2722972687984826,0.12660765753137476
1004671,13.183909478395268,0.17358221470018106,0.08055775570790845
1008246,13.487303416932342,0.2008082910982211,0.0712287494181921
1003072,12.746136255387928,0.1673839077189013,0.08459766229689736
1009282,11.859913429209326,0.19563150181433495,0.11545062149701181
1013216,13.61635908813566,0.1389576332802101,0.07215036873796078
1003237,13.127203579202119,0.33518278072713553,0.08701208837961738
1015317,13.98457887398292,0.13317115762973664,0.06242302930654348
1008707,12.868900861146281,0.12355510521807805,0.05053743178674347
1015751,13.012760118414022,0.07595832089739273,0.030593570286414545
1010362,13.172883674618562,0.12014293301839223,0.04889268280785947
1001899,13.341904358891982,0.2547170557759392,0.07851385162662892
1001759,13.469660593112723,0.13018160331537879,0.04155721250415156
1001897,13.117775524606863,0.1937565807086926,0.08906909255571008
1012663,14.15244794901237,0.20800530954335272,0.11343163747590772
1002705,12.444002661199244,0.3020264367556002,0.2563140751449275
1012538,13.309926693378022,0.09448910435506278,0.055316670751217545
1003799,13.089324404594377,0.2044180495300008,0.11241064939239058
1012031,13.181497724851427,0.32715627616827686,0.11607356266121718
1014505,13.044207168858861,0.08932016837884903,0.056020669507503736
1010925,11.842044213343996,0.18948883309102782,0.08378461749410394
1015008,13.96219497342935,0.2890255793258786,0.1951730405100155
1001549,13.208140349569979,0.23662001733562033,0.11830051551289456
1000352,11.93754281063517,0.3518470654444861,0.18890900224733495
1008825,13.78005330060976,0.11178140232428625,0.10824094011925638
1003051,12.821115714696987,0.2030727243744407,0.08959469039960911
1002548,14.017926418519131,0.09128185815512292,0.04346909908498494
1012752,12.91916781315273,0.11754145220225601,0.030657306491949105
1008006,12.005794550695107,0.13584906215213313,0.06954848798498167
1012594,13.019177827702451,0.2317086210851122,0.08961777134950367
1005130,13.570498315104425,0.09300773156027387,0.04351206003432168
1016431,13.374017140283556,0.19354207201494633,0.06890956609875977
1016822,11.78801359811947,0.23705464237989285,0.08941322533971438
1007689,14.027498600323739,0.3218570371455977,0.12246066042318034
1000758,14.159585100142877,0.2592977841139442,0.10798535193839995
1015111,13.157586671623985,0.4127378410692135,0.15828219924847295
1004073,13.15490826558852,0.03344290451509076,0.0286076146712812
1013671,11.403780962922534,0.18974292804520967,0.053893570478478516
1009823,12.596514566851582,0.1400223577168899,0.05301578214303402
1000237,12.839986834288597,0.1272252525124418,0.03489439953324505
1005367,13.852143264539261,0.17875986092322313,0.07075751536564505
1012006,13.245914332082107,0.12843971166213702,0.06921516338487549
1017021,12.034663952593094,0.204225022815865,0.09008676615085214
1008702,13.792848561084273,0.2146835923778245,0.04693543620689385
1004227,13.896384368853242,0.17360877933177016,0.06108728076169694
1005588,12.028447937927444,0.3142939588973897,0.19447459003251538
1009987,13.077377834181759,0.11852434960460205,0.04525240358549694
1016700,13.444478269093182,0.25161112073657954,0.1193074697203465
1005592,11.956508892937322,0.37864506119322827,0.2281753396181517
1005082,13.564469806558728,0.33085618888892776,0.11685297377026226
1002553,13.435012549378989,0.11092342116381701,0.04558201064775502
1008646,13.368164498082544,0.3226783259267118,0.11843972616431042
1002545,13.066801567392782,0.03421569368847598,0.013577912878391118
1000420,13.578965693388861,0.27913452716035586,0.09113348111876363
1009170,13.73019381309894,0.30328247912658834,0.08255376116517793
1001564,12.89742582714965,0.059756019594624316,0.028845665382690167
1010659,13.358812740152908,0.11033429469490617,0.057744213811122526
1000987,13.22928938478693,0.07787038656374053,0.0623754074313442
1011475,12.38222154824754,0.3653203836190781,0.14389096485108638
1013245,13.006232674402394,0.15965401812012434,0.09825980865557903
1004395,12.611208626970495,0.16181900300910418,0.11058107095906804
1006829,13.540846304297219,0.2982937580670601,0.08952961186759943
1003001,13.460624691459113,0.07689356490477743,0.028135478170867024
1009379,12.60870193001545,0.15277395747417755,0.061333186516882986
1017298,13.004024546396423,0.15560643303783364,0.14668647886955727
1011146,13.284372816350816,0.06538555287938815,0.04316573036105028
1013139,14.026960457347448,0.11679414622660238,0.05702466874419111
1009770,13.40576306714332,0.10155352511591856,0.029171180108881492
1008650,14.09256944859513,0.13820868170925088,0.09514466395192238
1000479,13.395769424696633,0.1626588712158502,0.05595523366828003
1015698,13.264320554685847,0.08875223607211313,0.01915774327410102
1014537,12.230413688797329,0.11117920730825757,0.02798962998240514
1010264,13.793690386868716,0.1684287094227879,0.06673146593765517
1016345,13.99517403324265,0.17559522770796304,0.09040860360488048
1008540,13.026225311080362,0.2078399249422729,0.0726283136916408
1010475,13.59327185454348,0.10358903214618487,0.10975438981555223
1000076,12.952368392075018,0.1266032719617512,0.05528527345073287
1003875,13.713093764209685,0.2299044066386994,0.0844982860366846
1010168,12.898308541575895,0.4547568938240501,0.318472686521363
1003653,12.79806111251746,0.17068734747424968,0.06974944550144734
1006095,13.843141736412425,0.06780779816186917,0.0414189834558039
1014600,13.218977650209768,0.1739450482637707,0.06713628321767043
1017255,12.782573377340308,0.23653773575671128,0.11910143113824807
1016152,14.058011199066694,0.14757322035774997,0.05818474439183369
1002963,13.680580323283818,0.12367957924204885,0.05615345729054718
1010032,12.955032505027148,0.08017005459508417,0.058024393709436246
1004943,13.872660869918173,0.133067462506533,0.09466758850472617
1012310,13.837060907503496,0.26207203450886246,0.12548070744415615
1016247,12.330451031825945,0.15250620676776677,0.041073187122796014
1011308,12.956196779765703,0.10993897174243637,0.06104487817833489
1014194,12.913401421495172,0.28087087303651,0.09867265251843058
1015126,13.85493540665339,0.24591134046628768,0.06960533742853423
1005526,13.493169109185544,0.11114335660872249,0.06287769018842695
1005893,12.556474429918557,0.26836822460755794,0.16926698074068988
1005921,13.390236745829199,0.0743761582590298,0.07585218171991275
1010024,11.661197650432989,0.17533325440113662,0.12854729193648087
1007560,13.008184277444528,0.19686361066524927,0.06313713770658452
1003129,13.571962737360446,0.14248627122740543,0.057371872136249814
1008127,13.732037627089895,0.17852644662529543,0.10620832577765893
1014304,12.802023432294218,0.160813452932665,0.0926691998586714
1003842,13.148929112574535,0.278994128695506,0.09455747816540928
1001987,12.490432455823404,0.14031171041917456,0.04515866628671312
1011010,12.48807126954528,0.1715631875833169,0.059031662212457384
1010198,13.649171689201134,0.22738553497619698,0.10382862178132526
1015281,12.697126080858778,0.29064332723255065,0.08894764323872871
1003963,13.021428553802862,0.040851800327812375,0.02004043871401098
1015657,13.126648594893856,0.1215370223119327,0.03736661180904303
1017113,13.82468376032074,0.1299920655177006,0.033087057254106565
1008968,13.221934157049125,0.25719686226460886,0.1564732870744659
1012420,12.957791342689392,0.22431475019402045,0.11222058442649256
1000319,11.955855367290852,0.1424220873143967,0.04265460287045078
1015991,11.898703637300414,0.29154641030595024,0.19251377639423212
1013264,11.757946901517462,0.20794686160493125,0.07024641956980507
1006429,13.669388546106987,0.1531620091983404,0.07974862889448554
1011171,12.2440133452414,0.0729401310389799,0.04956311973538793
1005999,13.57683878782146,0.24247158804812108,0.12877527298555572
1006544,13.088987444706763,0.1275385092006312,0.06479907027334898
1017099,13.761145688413272,0.12378591279072093,0.1267891507645424
1014330,13.045772978721736,0.14195011107442726,0.04259513119024531
1007042,12.540720056625055,0.12692016503994272,0.06035722385509183
1008983,12.605911372410686,0.5191716846176238,0.25254799825220925
1002678,12.681529972072594,0.22511898006806985,0.09436142892741911
1009070,11.963723832264398,0.3039981975377978,0.15300721410415813
1010215,12.01252700986842,0.15790408923775912,0.04247691311295123
1011251,13.984981810760708,0.15705995889296576,0.12690515884419654
1004917,13.699219765026301,0.06256015369805115,0.046087040243944034
1016635,12.791785707847561,0.10503181085654992,0.05152892297937439
1001223,13.08897879846215,0.09700031465938065,0.038329744238841244
1010586,13.475956057244543,0.12836028276683795,0.06224647502061194
1015544,13.682902622187633,0.11063757328451604,0.0333788561400542
1013887,13.127148729059888,0.15172753583463933,0.05340529711380992
1012667,13.733345459317839,0.17856553836644587,0.07687638487152014
1000310,13.366842932525527,0.06587674204610855,0.041023802127978876
1006758,13.182051909989477,0.0901431477205004,0.03239121348387043
1016539,12.754159028627882,0.2614394208474354,0.11787722545483305
1010487,13.550373505729498,0.17150283576398573,0.0631255067929526
1002515,13.001534389143991,0.12315453814520202,0.081854511312056
1008090,12.691597272236082,0.35654025124697447,0.17119260272885065
1005818,13.10673996688481,0.2067419066635419,0.14268202270949285
1013682,12.682995979766616,0.13790692898356804,0.04642271604940699
1016986,13.047849357445683,0.09275561584526079,0.06438157057050269
1014099,12.94009919357406,0.20291667706625133,0.061297496529870855
1002886,13.049325900024478,0.14471950330017355,0.06501481280828839
1010339,13.492071560637482,0.037880331922089776,0.018344325472356315
1007609,12.98500013755641,0.1824482545266011,0.10890481562553903
1017309,13.406957295318607,0.17496429727390367,0.03027959803086739
1010840,13.346429040270607,0.06914295040745867,0.03976865910826621
1011818,13.141300352977384,0.2048743418004554,0.06834590546976331
1016045,13.587548255435749,0.12416880835156976,0.0581042143042843
1014596,12.262779598245103,0.22805796596851766,0.14756863190391414
1014792,11.664478061052689,0.2729954081894402,0.1592257430059832
1005328,13.073077598854018,0.1430135454959327,0.08669988715126256
1004256,13.135489574278205,0.279847039953413,0.07270301548860865
1017534,13.265908120851632,0.20240168833218006,0.04751663196378469
1004556,12.791717291003566,0.21070941957938946,0.13151616911785732
1003263,13.306917225886126,0.34043540445228154,0.10241767370593137
1013599,13.56970575445525,0.27858933986011347,0.10697593151203708
1002054,13.051039956680183,0.12592344747074002,0.0464527220360178
1005623,12.686134547910608,0.24916612546631145,0.13053899829700683
1012392,13.48733806728533,0.2399318343146333,0.16893106883272405
1011448,14.090774405597443,0.2478563698143078,0.1264808275636913
1014038,13.98116835251257,0.21775483733797363,0.09325838659251696
1003908,12.551324538841067,0.30899635719343294,0.16077805965098335
1011602,12.678041636224668,0.21668228213995225,0.21203321888069532
1009452,13.243992693392066,0.026825497421405393,0.022986268596991398
1014532,13.434421681304455,0.1021685414762331,0.0769693608918205
1013008,11.449619178382155,0.1639381012340439,0.07842027741931558
1007314,13.334407652131278,0.15945780079516014,0.13431665941954243
1010355,12.276479271448068,0.08323052365660191,0.01693684213667054
1012497,13.45064419619393,0.06593282076930283,0.04620814863378397
1003348,11.87891678433732,0.18741481985586642,0.08363194674908712
1017555,12.154514076751388,0.285281054351745,0.19242736115812564
1008509,13.265130462004292,0.21008037405441377,0.07762026603530683
1005695,12.79884569706737,0.14842798209868233,0.0772602159482452
1008815,12.701686439221932,0.5688025365043367,0.19796353731682642
1006021,12.565745410573264,0.1437925643225133,0.13442691206761348
1007356,12.559429050463331,0.20289797456287212,0.11993458461152472
1011038,12.918616023356497,0.0829562343421787,0.042998116298698916
1005195,13.048392589783836,0.28440937763717067,0.11541658161034303
1003109,11.687821547681539,0.2616896707257504,0.11711016702706935
1003579,12.745003323125339,0.44480662369467727,0.16574435768824056
1012913,12.030901245477779,0.15429586024335643,0.06746116578276684
1013003,12.282630982892,0.1516690089414165,0.028887089881058682
1013981,13.263966912370991,0.17451329440476632,0.0641173947840697
1016144,13.509139630207205,0.17103597658952666,0.10201927452990507
1015078,12.819381445169588,0.20861356110195806,0.09671890601678765
1006948,13.086723395105603,0.2797908792045161,0.10590637628238497
1009948,13.372696128415186,0.1668217088824647,0.13893850953332074
1000085,13.497290515457008,0.326821290743972,0.1926398011370934
1010735,12.889782777385866,0.19588484842239337,0.14460984310354003
1011859,13.458674915301552,0.11976280625090276,0.032028288370765545
1014102,13.789287237676891,0.19373140327848942,0.07889018857969597
1005854,13.241282671826369,0.2670410968865787,0.22494783713166136
1007028,13.049382569667323,0.06820984707010996,0.040724600497083804
1008097,13.21090348568804,0.27967583072278396,0.07366900134929334
1014334,13.296680177815183,0.054361290261790186,0.03957536291865863
1017527,13.760320588426525,0.1556652021896996,0.06067535703532118
1002603,13.169931619134479,0.13810527265941128,0.04165214211212886
1006970,13.736215423927288,0.3360315322658533,0.08708954546948962
1006353,12.808017804659704,0.07308236665584365,0.07349402852010647
1001437,12.422101268494695,0.191601364437222,0.04449475139948216
1002727,13.360455593381836,0.2493394112956824,0.08243061994618396
1009001,12.91415104494197,0.0878740692784236,0.05404321345201898
1005313,12.182487064551594,0.12688686688735842,0.06468272163249081
1002258,12.976566055493416,0.24111011416663916,0.05837797955139379
1013953,13.840051911417499,0.3388294683888243,0.06941737154260677
1003135,12.955648361934399,0.34713018938708473,0.13439735900626926
1009372,13.152161861090198,0.1488788816407332,0.05105741989241281
1003681,12.992285457559424,0.11201446994747234,0.052603622983086885
1008187,13.588153063512195,0.22606453688611408,0.1339152912140312
1006570,13.344123330237982,0.12625497637522906,0.04331136037940359
1000357,11.666167165642564,0.2740197463540116,0.1327106481500423
1003989,13.21925617029774,0.21360329634008005,0.14846478292797768
1003422,12.814064733234138,0.13070921218027615,0.050055089927218306
1003134,13.569197461104471,0.3799162673143577,0.29276940302063265
1016580,13.220652103838804,0.08390343251397257,0.025706898604145406
1013255,12.080251968604065,0.20461782927682085,0.0853416129990678
1002731,13.030646726016341,0.3338563615896367,0.2963581227893894
1014996,12.888705460301033,0.11576405526049784,0.07394179713801591
1000864,13.088039889094782,0.034788950215845924,0.03508386267151285
1002172,13.513750008340635,0.29803182345625084,0.09476764799321596
1012295,13.366976888288837,0.3014086703375822,0.25292028328593413
1009983,12.657176597864456,0.10411058350516357,0.025778651813933545
1012646,13.186309557433576,0.10684806197173828,0.04847638626054509
1017244,12.53241849535833,0.3432392322013356,0.095747153191012
1011352,13.589246556181093,0.07057450528052187,0.032463520105595715
1001550,12.568020394917221,0.2033229021655541,0.12816800172026152
1002383,12.573047766241572,0.28283851596926424,0.10404864708827495
1007526,13.1261199125954,0.11063494088559267,0.047924231772286545
1005669,12.971872187688303,0.05089944323417615,0.03774508762108001
1000378,13.419199363605465,0.16226183483394058,0.1335082620837039
1012426,13.777653896771543,0.1458401750453944,0.063902424851462
1007286,12.87868811320692,0.1277761657972895,0.0552446598044204
1016758,12.864191935287991,0.1650167471216643,0.09496150977132595
1001694,13.58466995219171,0.21408363883182505,0.1602334129070782
1012618,12.572329154037904,0.13958307078957563,0.04184844060756838
1008533,13.65782487030675,0.1472405239722095,0.06148301209565754
1009804,12.99716776519179,0.18844774029666023,0.08998138660355678
1004038,13.147852639725873,0.1800688369991443,0.07376534413591344
1010007,13.011792792353488,0.17304407424005358,0.08251960299502016
1000055,13.96533253320384,0.1094116143258812,0.04236041603187137
1004127,12.497411171641348,0.29779741310009633,0.14688564748278626
1009928,12.615313330793507,0.11484671895142774,0.0513285861241848
1000530,12.481013584797287,0.26585509827070514,0.13123242300777255
1004033,12.743206617165965,0.1596368343010428,0.1536315073819783
1009432,13.178374567802987,0.11996745506058527,0.04185869125619516
1013474,13.305492332778543,0.08429346917013827,0.09628012316698036
1016812,13.289091745754996,0.1225433620428085,0.07303142871801696
1005136,13.45154829156161,0.2163262060843213,0.05853563877685966
1016204,11.84468746034005,0.4231718371432506,0.1355095288143086
1009947,12.265630658865598,0.12185888508590008,0.03927761196307977
1007212,13.076913164462269,0.22686438665809913,0.08680728175039146
1009410,13.308981879664193,0.13393123558900466,0.1586181463125668
1016198,12.649560236288183,0.20233222928017272,0.08654320161460864
1012205,13.350575936980574,0.13227914795424178,0.07853154714620296
1014338,13.239351511904017,0.2740216281869472,0.08818032021855264
1000522,13.49245401685926,0.049899783673666376,0.03619356975333066
1008476,14.07817181918042,0.15613627983254322,0.06124274324007264
1016375,13.742582858775023,0.1268401545527769,0.05765848382793293
1001654,12.310488723092792,0.11024991917445108,0.0534691385668749
1016612,13.32322527386348,0.12865773456365498,0.05590425271931447
1017476,12.84682375571576,0.1299365239416347,0.12544897839344457
1008878,12.835883029921941,0.12358276169267521,0.06405526084835758
1013967,13.977807921889978,0.16070813409966936,0.0567450573358126
1001792,13.601574527074822,0.2277047867890632,0.0912119934366274
1003595,12.639028200319268,0.4048804235811731,0.08536262990220703
1012212,12.811045079114338,0.08896945636037147,0.05899516172365297
1016795,14.021774202491954,0.08233531924236202,0.038546305047134174
1011134,13.923541416226788,0.18323453566191064,0.09544210599818632
1005989,13.438141280779261,0.18889709007115693,0.11728361859610488
1005652,13.545406088326851,0.06774087114724793,0.014457314528940219
1011809,12.877166301204207,0.09303755724414349,0.04541236883379012
1000026,12.76147836255104,0.2664322024395308,0.11860677216800079
1009288,12.992236743273475,0.06064023776296035,0.040326870502636655
1001391,13.10967863059518,0.17268672583482272,0.09801238531780464
1011640,13.046245659660723,0.14613610933686522,0.059471753027662305
1015909,13.306072001719683,0.239304449409975,0.17243888031933352
1012954,12.562609871735722,0.21960929732757006,0.09365009249418686
1009521,14.083738498740649,0.10572878745855677,0.0376788185512708
1006839,12.874858420049485,0.2576042145527187,0.10638105959828895
1017315,11.447536273567907,0.30046468545841065,0.10034238565358262
1011090,13.674599925200997,0.24273881180681978,0.1021824034327998
1006288,13.91986011453127,0.11065126152816787,0.052331428683240803
1015993,13.808467302369381,0.2996968423717121,0.14726829042987016
1014606,13.643191864832467,0.09537307828152565,0.04240251251709766
1012993,11.584831444172217,0.13680194518730734,0.05087119024555919
1014153,13.280510961292086,0.09816681153545813,0.06559173893808871
1013779,13.443433802362568,0.11270344305383037,0.026523105282161077
1003036,12.894569085094966,0.10131816037341894,0.07526202778786802
1008403,13.046858583193213,0.06362643120852668,0.02192408029996891
1006645,13.412311688636692,0.10669263085065633,0.06446293771321587
1012213,12.482546824872834,0.20833636990184104,0.05717842613644368
1014124,12.938219133016808,0.18833020130541964,0.05950025865300481
1003300,13.88427238026082,0.09204842013671252,0.055340343288425235
1007482,14.034315612586212,0.26544913440066176,0.10875267912209481
1013706,13.722744219211108,0.13264836267550018,0.040929420318695474
1006794,12.395009533137612,0.48740366940840246,0.16476262395996574
1004410,12.788333747217187,0.08505959880097985,0.04705062512331087
1016958,13.793022470372003,0.08736843251338032,0.04495758721891942
1013507,11.721978132007623,0.20488480883618965,0.06980590407427036
1016340,13.416305489735992,0.26156989611054143,0.09438188122289833
1000722,12.96100977683268,0.16716250139535094,0.0651462090790821
1011669,11.578752479806946,0.34018616064827695,0.16550198178704031
1015565,12.200665868039627,0.1183678524417671,0.16427049067313368
1014515,13.18572523156008,0.22455523938561736,0.06728001568190259
1002605,12.060478821392516,0.49246798266922803,0.11197413218380624
1008510,12.932741502609332,0.18210990838463337,0.08053764683036956
1012060,12.557669289675344,0.17156330840442185,0.0993521182200536
1010799,13.2700133695824,0.11928566497898922,0.04409378714698739
1015447,12.891682531596942,0.12319813064603129,0.08079889554657765
1017083,13.434552345445452,0.11451546573921037,0.0634611395331408
1000842,13.323097636906214,0.2915092115439789,0.14567645930233877
1016061,12.110310618284691,0.14064845041523547,0.07564540730083076
1010422,12.611669739132438,0.1694673235249132,0.06477181019141337
1010101,12.33180200553113,0.2745223155676862,0.09851993005092835
1006616,12.697640114265349,0.1330249100627387,0.09892242931011797
1011648,13.331272973448888,0.17451242511058157,0.1047886146390261
1002167,13.750018744197979,0.17464090350468095,0.07922284332084703
1007455,13.262339155640575,0.18349588592299998,0.10795148587586169
1001920,13.690596808947094,0.14967250426580905,0.05943480613643275
1010750,12.556403483293417,0.22250765558039604,0.11552591031441967
1008960,13.721751140580254,0.3501836780716312,0.13499654640978279
1000240,13.614772735684081,0.10385411455438653,0.06062732172638645
1002368,12.188730650822938,0.1550504452090299,0.05916616787384413
1005929,12.545989752916961,0.21073773006508828,0.07914855108055413
1011130,13.417688604548843,0.04031269797611219,0.032227599251688284
1001849,13.018240305485953,0.1350182174251277,0.07207777131102967
1004926,13.837531553636062,0.15957865888521575,0.06362620070334439
1002299,13.129263824888477,0.26413840640011677,0.09976006527362098
1005720,13.613827262469702,0.1114742449845451,0.033093646359181474
1010995,13.955771279324837,0.23255555636672942,0.06548718678593451
1005789,12.972128212151222,0.2098470016837525,0.0768020191146142
1008252,12.597347274580827,0.25652999454069686,0.13584167888172574
1009454,12.87969385926428,0.09413222550075216,0.06602819182420049
1006238,12.864169325878427,0.3086342541101976,0.07595567640679979
1006577,13.450638074868946,0.12442657124337315,0.028546342561642804
1004477,13.964697442595416,0.15848878453741022,0.08152969380172417
1007198,13.275656515465952,0.3380649815952989,0.068547669958507
1009390,13.434928305476403,0.14101245103435586,0.05388548567338629
1010752,13.593328251104879,0.31674238436692503,0.0770348564598004
1013227,11.97059622521607,0.16685384080581753,0.04810326940393111
1009605,11.71455364836182,0.18536242182573834,0.10140810630963144
1008585,13.836074145546243,0.19190601265416568,0.04428275168900302
1004621,13.618302036621692,0.15892525588112066,0.08781292471600431
1006763,12.78089709949541,0.09096958625108412,0.06425287186880005
1007389,12.221232753313785,0.1309220998640244,0.05644025372140654
1002943,12.157961929920992,0.18459557258336803,0.17790236490235192
1003483,12.222723807046176,0.32094363498413014,0.08387284698256452
1003337,12.448630466068579,0.24500046762849853,0.16912026111589978
1006506,13.003113811096688,0.03974608900855227,0.026013759194207942
1009138,14.071545860500597,0.08645260515460619,0.050847583208969135
1012466,13.977815450014507,0.37406929759406715,0.13672132711213414
1012040,12.457666606256177,0.1390935161390109,0.04398534849155655
1009574,12.321625375403064,0.20197605226251833,0.062043641332439704
1009115,12.822638505263997,0.13734977469717852,0.0703887991176813
1004965,13.665573680405972,0.15803832457247363,0.06937481747444169
1011224,11.786789841098141,0.26849921899440926,0.10272392487515705
1011883,13.94317874688358,0.10777741237883312,0.0503240446195355
1011344,13.100371323009409,0.08172977903735859,0.027455211924420478
1000326,13.705712771815309,0.19203657567586213,0.12510576657189407
1000303,13.974554632287308,0.17894715837065214,0.08117479181283896
1006848,13.53324022123335,0.258806823549536,0.08729988978879792
1014951,12.549738730211471,0.20618516424426422,0.1298198825550369
1010138,13.651736858370768,0.1514425720693358,0.13975365409820806
1006583,13.1620675041368,0.17375360123445352,0.06737509675321307
1012564,12.311022256653517,0.21214288862429712,0.17996486222071295
1005412,13.800677495979999,0.31676749453822406,0.09604700758085993
1008135,12.68784262309655,0.187951071056304,0.11039101157377082
1016962,13.938244492970616,0.1816164478681164,0.08991238395159007
1002195,13.042468821230877,0.16518419314327437,0.08601242152223504
1004799,12.878465665644434,0.15476576980076945,0.05818916503349013
1013781,12.389026165739947,0.195808957518076,0.0729280297059543
1002764,12.243143835518,0.1398250080366744,0.05465526378018271
1004291,12.835610922999813,0.14985153466794232,0.0420359677338836
1004325,12.765708017135411,0.07998954894389686,0.038608294974746465
1007636,12.557027054577288,0.28622063492330985,0.16707121783758894
1008788,13.314504495837959,0.13345680744273822,0.06529634063067477
1005487,13.050240312431436,0.1661213420209002,0.0542030027042188
1009096,13.211807997049895,0.10810648498359451,0.045011026494226725
1009267,12.902407666673488,0.20102537960814898,0.08685556935382201
1017170,13.248715103761455,0.10516607045077901,0.06409726163566266
1009436,13.29958827384237,0.07393903870051224,0.018623375585444434
1004280,12.08131583062377,0.17942851426477127,0.08376521382956593
1001947,12.151718408956201,0.18507975689578215,0.08356721776620245
1010046,13.01744695766233,0.27726338856890764,0.09947255473224402
1002440,13.670727615822019,0.07365342740354144,0.058178114146399146
1012844,13.195643261691648,0.16877530283910602,0.0580457992655526
1001363,12.81112563219196,0.11590131838386913,0.07076020520233472
1013211,13.374296066816509,0.18471428104788587,0.06128408598018475
1005885,12.94668983411101,0.2504685379456207,0.08541083500523182
1012986,12.027855054826421,0.22440375542548152,0.08128152178134526
1011736,12.658495581772556,0.21560326410266606,0.0841415025460717
1015790,14.001397190372217,0.1240503668635685,0.08820056687534569
1017313,12.862444932833315,0.19012349078722895,0.09979473706984877
1001384,14.103303431374082,0.1561465231005511,0.0752178558592703
1004915,13.04371012475034,0.27054682554742754,0.11231001735344309
1000524,12.895344801813678,0.10284879350721395,0.04361455920108246
1001491,12.883661323156092,0.22859772913531004,0.045385021216864135
1011692,13.659069865823598,0.12178332319464091,0.04410232301142609
1014644,13.225363841533163,0.21952315252520815,0.10737703572089884
1004086,13.773352751171684,0.1395382039921178,0.07816868013295133
1008351,13.81777887059278,0.1278109506970659,0.07001439052827386
1010939,12.845132258429276,0.37451736286636456,0.11588151615631213
1013417,12.639769373454177,0.1402324874874598,0.06658484472053075
1006323,13.688003259644073,0.06828680781857896,0.04230444354290025
1016369,12.803414736909337,0.22555050735066703,0.08888787249728915
1011036,12.873895229382217,0.23896363786862945,0.1156415273500089
1008753,12.740775547823466,0.1129117380509984,0.16704405769616446
1017015,12.584833342667617,0.22019084626764251,0.09855612577435784
1001704,13.529565147495838,0.3044805516827044,0.09817296515158515
1003969,13.176381132642039,0.10943331488846625,0.034769216466639295
1013093,13.09294427023031,0.07259328488841268,0.04141340967863014
1007414,12.829832802296517,0.15154789798116927,0.1406319121605881
1003789,13.728542046255996,0.19272880195815428,0.09980221384556774
1013607,13.135918255285508,0.10324586887998592,0.027278944062950155
1012456,12.469254025369272,0.3248631166220749,0.15833697391705703
1002912,14.212804556173793,0.07835350178080054,0.05423896681151867
1010937,13.860990052670592,0.3957930821680032,0.10239915023367197
1004465,13.893541342454876,0.0924137921222797,0.047624893649556986
1017382,13.109161163348565,0.08284055502331057,0.018704816220381087
1011700,12.43626969873318,0.11390448123373252,0.08413369861422507
1002345,13.025555662159784,0.15092357251562813,0.03778976046142847
1015146,13.67189235549571,0.189850758906302,0.11904671082313907
1003332,13.666092174929043,0.2593911675802071,0.15639979798940007
1005018,12.801558599422888,0.36803136128710856,0.17421744908801065
1015650,12.988467650473023,0.22106271663690805,0.0995705281905129
1002708,12.443043499725142,0.3101259540932658,0.12443148744919828
1008944,12.424519767457733,0.2647369644783076,0.20451357356079097
1012630,12.930350012357167,0.13085438685979986,0.05134004550412209
1010026,13.738965485133628,0.22432146134850597,0.07926045458251076
1005826,13.388781697139251,0.18540900460248722,0.08879444370330544
1000029,13.26760004931,0.14810147747875385,0.03617836358344483
1007928,11.78142508646967,0.2757187381083706,0.08839531161965739
1015365,13.565981671636013,0.25134720383463466,0.08100337510880334
1009505,13.520514901429404,0.09810407343594003,0.03088718102915743
1009238,12.793857259947856,0.13159873289320206,0.0492099077407989
1007810,13.3244183194281,0.16210827740217387,0.07022603596816557
1000648,12.992274972165953,0.32570370140411625,0.0982206796067521
1009396,12.750211189121153,0.19441483935906823,0.05048512728748981
1008655,13.391357938911916,0.20197535435490602,0.048269054972041564
1001470,13.569183153725806,0.2715321904343468,0.07086564095346104
1000667,13.552807507159281,0.19281258055778466,0.10582621723064653
1007857,13.785246990960745,0.10166011259877322,0.07483924547399208
1006984,13.102614941044397,0.2482100439201366,0.09199798284137871
1005031,13.516857329312097,0.23521369635216965,0.06822372405366244
1013105,13.356695674114325,0.15825330662871376,0.11955824629868793
1008392,13.132288054179845,0.2803947312858152,0.12744825095569193
1011853,13.232462863757515,0.1875317050282146,0.06300449392574793
1004988,13.140365827423562,0.2624116711765359,0.1082294103165444
1006349,13.070853150271047,0.24062694748003013,0.1408313866578744
1017439,13.780242037543612,0.3431384587197226,0.11822687579159781
1004922,12.72641054304514,0.23017341297401064,0.08426826251651454
1012855,12.654002042001434,0.21141650588415575,0.07156999057239949
1017488,12.766244470519197,0.3467286225594297,0.19601134402325435
1011458,13.870125169296827,0.23066376280071493,0.07033464858736228
1008828,11.910154246208213,0.4521972885401426,0.15656079496481054
1006297,12.858791114263985,0.08844735433485695,0.0420213782651027
1012460,13.98257152283496,0.23576620323065278,0.08443141035029192
1013582,12.996696987446176,0.19834569112306824,0.06497607210514808
1001998,12.091436724779141,0.2611946609563002,0.10120142748859225
1006371,12.164023472946484,0.23425640861538116,0.10663324521649407
1014425,12.76209816170334,0.2407788475854966,0.09584716762827507
1005066,13.708406908821132,0.22706607035015505,0.08470942668286272
1005308,12.643959071588753,0.2807768768985072,0.11535048527701733
1001698,12.766016830006725,0.2777406386053449,0.24714976615635176
1008961,12.842446419055255,0.16549862408448046,0.09190472190385782
1000920,12.91615291618583,0.18090041378327343,0.08631860520902095
1006538,12.672827055503333,0.38979522558063323,0.1670411375101323
1004784,12.972117666287692,0.22273324132946315,0.09543699014437106
1009044,13.323733208415511,0.10794851268086127,0.05265322515332879
1016533,12.959613027347368,0.21118970066852463,0.09792223948542399
1003000,13.47819191261062,0.10303597325257753,0.06237507495739574
1015062,13.76868843630525,0.1739823352732294,0.07969600987491392
1007424,13.746534262348932,0.25414220721873293,0.09873991299155903
1000655,11.905212458727924,0.2828337683716092,0.12793674797142784
1006290,12.99084576554904,0.09920217546329597,0.05215693170496603
1013187,11.911196995576882,0.3283704473151066,0.17574121918447685
1005907,12.779872365500141,0.08539719095469521,0.017655864883456256
1016223,14.159806941550972,0.13289623774733192,0.08018115040580692
1014048,11.382303646185926,0.4257084283519573,0.165193601356898
1001833,13.670289785564876,0.2358011435043854,0.10802978722333821
1000027,13.625648698265152,0.08440759560604948,0.028370045166365335
1014548,12.091569018284314,0.23020465982814647,0.07041565745286113
1000659,13.246906531576384,0.23682258260944142,0.13968424419897776
1010166,12.809862653560717,0.2076049921049568,0.09844811553640438
1004900,14.077726777416315,0.10258866001861788,0.07610230625997959
1015439,14.0013455170312,0.1218525636929591,0.05299160962340676
1005755,12.841287173470905,0.34434111614964874,0.11684050535866354
1017269,13.494973148712855,0.2540779727965366,0.12686088957638203
1009028,13.123586678042379,0.294859029950905,0.06450712426889894
1016987,13.701809698481373,0.23646799251595946,0.08568516479673348
1009646,13.668768657142845,0.13668422624735663,0.06663397830795875
1005668,12.44906491295594,0.2244518988446776,0.06402866037255928
1000783,12.85271284971693,0.2297026060905005,0.057250795194968784
1014661,13.21054506152439,0.07612175878855547,0.050541834330324324
1007254,13.120975252102271,0.18191904506776715,0.07789657270751377
1007064,12.475151665231115,0.42059309031526826,0.12436040408666299
1011274,12.520287043243203,0.3002708278284854,0.14559090775937947
1005882,11.967487943936485,0.2719772326752281,0.07168692074287203
1005568,12.995257861819853,0.1795889338261718,0.07089301856285678
1010803,12.250570232411114,0.13231819322043303,0.04186321878561209
1008212,13.1014741781359,0.10038534529310211,0.09073200409453146
1002856,12.713170965981924,0.4345286317220359,0.17786602910972338
1003808,13.333679503341287,0.1840432441010324,0.17989523530645457
1010431,13.420382739876919,0.21260714819050378,0.07656079169068755
1001157,12.543382029430049,0.24134937586719335,0.12914091132606734
1001103,13.059134152971206,0.20819506123841794,0.10593202516148542
1016543,13.056730406261714,0.1317384265261488,0.0600744623042261
1003838,12.886711699566357,0.1083486716936182,0.05899825147314806
1003626,13.117015832333683,0.05045811536370696,0.03031299423947916
1005590,13.56519708762643,0.11600403164092174,0.05056801740065035
1016697,12.640373821867747,0.1217465045327674,0.04971167287180503
1016932,12.179593451119374,0.1570230249865958,0.08284571691700814
1003493,13.12482872273661,0.3033835798580901,0.078690101709996
1011384,12.706649804955964,0.08921735314197818,0.033160864806157375
1000273,12.905580982186883,0.19667115721063858,0.06621537028587769
1000341,13.113846426401851,0.18098097355198445,0.08631578171660947
1008266,13.015968701834595,0.140798170327275,0.07269627838324419
1000409,12.705912229777967,0.15955899390301478,0.10598845600952807
1003311,12.571034367586705,0.17716621574432287,0.07006524755336135
1015334,13.633042558018067,0.23920515880113216,0.07979196407403726
1016076,12.419387982569136,0.24368757811999833,0.12374091826926487
1009557,13.158119131705227,0.21002401441943933,0.1702663805763229
1011679,13.606043730049933,0.1598999031596469,0.06910345740467433
1001424,12.411829312933577,0.29755002356608823,0.09214999047914321
1010593,12.82951888639586,0.302926869659919,0.1628038432936612
1000782,12.563178054290903,0.2527874734845902,0.12010158181327354
1013173,13.04221318410425,0.08587406044348903,0.0402007238913913
1011680,12.715137163290024,0.1831812792865385,0.1104823917065699
1009425,13.752173304826286,0.15826818281645802,0.0936197181239797
1013169,11.991546830483372,0.1958983820225054,0.09504164243799959
1008114,13.367407438952073,0.2629698641524364,0.0697482807895388
1001836,13.156214042801933,0.12579074950317587,0.04442350066556757
1008082,12.570973298976035,0.30239376999253903,0.08869108217984753
1008062,12.801773963134748,0.4027279091091178,0.17248823302117308
1014650,12.557398951350326,0.1314343080585622,0.1046487787028664
1003845,13.886273711056614,0.1066630209855507,0.11977967607790005
1017272,12.530421936374188,0.14400976055044074,0.08466521479283948
1014188,13.007093170394826,0.10146293055791811,0.06404708258246399
1003256,11.80298458140879,0.12210477534924,0.07648879342599789
1017079,12.994552691912535,0.3300067626149799,0.11902020314023343
1003973,12.246895700121279,0.2489724835270142,0.10012226971154663
1017372,13.325335754416772,0.29154526718243035,0.08092274111160479
1003827,13.327338050561815,0.06885296578626124,0.02266281963823462
1009414,13.20662051400028,0.3266470317881306,0.13979519971397195
1011660,13.668268832865714,0.29526073156053134,0.13658297455647617
1004156,13.147659075086244,0.07770898554606842,0.020253904451842206
1006957,12.736330830403434,0.31400544301294225,0.1919953883670237
1005104,11.74732240826257,0.24442651564706164,0.09840999538289547
1003617,11.774657734106972,0.1989155895826967,0.07557399017477791
1005714,13.387080511092867,0.22441950716374345,0.05115569707852179
1013547,12.825486996428635,0.27247580661143506,0.10155443971098035
1005042,12.82489169794153,0.16897491946077742,0.09113340393090304
1000817,13.643978249980108,0.18260643036784227,0.08058046994980328
1013568,12.688157104301192,0.14128424132678064,0.0778398018047013
1005269,12.913218205768864,0.23223470908472157,0.11177859569284836
1011473,12.969902225638656,0.14604737822554387,0.040439915437113456
1011802,13.4451466372812,0.19855317340062076,0.08270377690509628
1002845,12.698847341341562,0.3311218843548213,0.11766523206911499
1015763,12.130869979584224,0.24042353893913754,0.11055012368312
1012443,12.919961888300165,0.07602516904177418,0.025236637946534444
1014574,13.846133687758817,0.14966737012281334,0.05387451092872003
1002760,12.829028757208652,0.14567607726251383,0.15456823469291864
1004863,13.995717707975315,0.09768857128010781,0.02640937055536157
1006006,12.180342525081473,0.14930322075599414,0.05704317440088032
1009291,12.593887905875995,0.26615566042969874,0.12097469085660327
1010324,13.771726507412815,0.19987282667366496,0.14760344268818268
1007071,12.791584512905658,0.36801484767425974,0.12553701462044287
1006532,13.84951169466669,0.1401603274770665,0.06244786958318401
1017330,13.190255326155016,0.08533581103172803,0.0641828265019352
1012269,13.294638118992275,0.308382944285572,0.2821720809093393
1012037,13.096298824505956,0.08295512681572101,0.03680336910753615
1008184,12.85648908049224,0.22915169015653178,0.07301043380706668
1006751,12.864593230832499,0.09144481881907238,0.046894405337764615
1002478,12.928379007273097,0.14374085554286606,0.0665512572701235
1001090,12.579378473685514,0.29928504393878985,0.1266214832231891
1000164,12.296961293914672,0.22563226742961398,0.1509861389472897
1011398,13.866918123352667,0.17112536707929402,0.07638966695451596
1016638,12.977935968245328,0.41899094528860575,0.11200018007839817
1010540,13.565129313506944,0.09045811129568855,0.04330146831495019
1007516,12.797465819367792,0.17407014064870238,0.09177472785793812
1015823,13.657589229281822,0.07142388612556608,0.0676697634042678
1009336,13.34683540190081,0.07647242883189143,0.04430647111741878
1004090,12.832311083066202,0.13959469958725812,0.09440381551329412
1003354,12.239990664911021,0.4563619233994055,0.26551887738967966
1008750,13.682871926778295,0.16604774083464272,0.04199295875910343
1006026,13.176425108541418,0.07170618899749895,0.01956720225726394
1016704,11.678123162858874,0.19140781641060492,0.08708263232672793
1002257,12.987492648170452,0.15841620931518635,0.05092250958721516
1003417,13.156622474672405,0.09705446942716728,0.017768467799649974
1005897,12.55117108690841,0.19021101405236204,0.05256095629734838
1001505,12.98386827449119,0.1562409864817356,0.0800401086225993
1013548,12.907881358101207,0.23677241185673467,0.0944445024270176
1016797,13.295191624241882,0.15664928607376588,0.0509866785756358
1000748,13.889881016867097,0.14657472000795915,0.06508181851231847
1010764,11.618392213401293,0.6229799472392417,0.1872960313874879
1004881,12.924439031178716,0.1563276068529762,0.038145155763393904
1010712,12.740084432393123,0.10434478820220194,0.0750266983434437
1013086,13.749581814697418,0.12457344620943057,0.05511416724028608
1011839,13.325428165994596,0.10224442674350838,0.043900937913897056
1004403,12.208841131697072,0.23095542563849222,0.07001503836060005
1016507,13.248032690635272,0.20763645509861242,0.08464722959921266
1007129,13.02160135992528,0.22270409144753361,0.12892284778966165
1012761,11.918548354877487,0.12136434815451443,0.06394562179406013
1003806,13.435790522544151,0.11252384576643322,0.0937457765623754
1000599,12.191748673997772,0.08140639306525961,0.013211749437022025
1006613,12.608275685788882,0.37202755536564286,0.16050248523751184
1007280,13.071452845879772,0.32114223367268857,0.10887981045391103
1016489,13.608846591731117,0.13899439860574725,0.10634085392381684
1007782,12.8355449181674,0.4637291921606842,0.2594670345220043
1014465,13.579028586035799,0.21816753335912767,0.08925508119287566
1011528,13.03505009862187,0.14717411198915525,0.06229695024816903
1010124,13.327882510741693,0.048248452270917216,0.032869549943535845
1002190,13.364965445753526,0.08689291067310594,0.02401673265934358
1015293,13.738330880395555,0.21655292871979234,0.06866288715758385
1005829,13.347458871175983,0.06820307985901046,0.046058984984284235
1007201,12.676414793112372,0.12998706049234302,0.0722827529798208
1002925,12.896475860954645,0.09923142107829429,0.05708291249032525
1013956,13.593275920084382,0.2787545170476652,0.09912899056870937
1009317,13.06464191883328,0.19211797062789374,0.07787059717905197
1012848,12.920301455281438,0.10833129159325319,0.02760587937250326
1008864,12.838419255114763,0.15818857919153156,0.08510648453202155
1011032,12.696584345414665,0.08918601677045444,0.04852949634905199
1003832,12.974309101790015,0.06677574995003151,0.021636612828668047
1013428,12.517585948391288,0.09929553763987055,0.037213338163660827
1000939,13.297400894378505,0.09442219591090766,0.10971336850637482
1007006,13.804858719436874,0.07897714569124446,0.06443648439090376
1003901,11.574906058845082,0.3798541881258779,0.1650978690253183
1001395,14.024701528676685,0.07301379769218673,0.04754004891436266
1005105,12.91013059233236,0.12554797234250809,0.0608777085301609
1014658,12.869290875734142,0.09660331560432775,0.043752553618168405
1014538,13.17163269138121,0.03391100848439181,0.017299044439911402
1007910,14.072386428021797,0.12352140681052674,0.060116623828675816
1014623,13.004443155312085,0.28010404902475194,0.1397928411552204
1002089,12.877539052883005,0.18689010209666687,0.08059186955085473
1004832,12.417053175118149,0.3498416620028111,0.1815409780225374
1002232,13.682890443127334,0.12478145652285295,0.03389729873331329
1007160,13.558652452465,0.16236045231887278,0.06985170751088453
1010085,13.721515396197645,0.17753548467650382,0.044701112706692435
1000427,13.016982013930937,0.15789178943405383,0.05399301599399166
1009872,12.966792398700152,0.1649236448502929,0.05698360702964534
1009377,13.198158921630759,0.13035739166002247,0.056246553839290975
1002382,13.231838748263705,0.10642380120863797,0.11354225450084765
1003860,11.858223527911568,0.33595996805391765,0.12638285730616153
1009944,13.111763981282394,0.09021461149092579,0.042413825093937346
1002434,12.611402278223823,0.18738025233231176,0.061286972293673955
1000871,13.205809102774282,0.07738840359953732,0.06344949447712724
1004557,12.355995098768465,0.2608376746124676,0.08297624055386942
1003938,12.218633839082637,0.24621436348679995,0.18713419125860517
1006214,12.576037726375393,0.1194177193001618,0.0957004100875771
1000351,12.82598336305341,0.2726242160997733,0.08895850758638522
1007479,12.491300744707702,0.3571830751991949,0.14318912560484345
1012864,13.608969564107888,0.16584750321006408,0.07564299371336239
1016925,12.43530944303235,0.14506083970103242,0.026513905912720064
1004920,13.134756756253127,0.164398949508617,0.1365173256778666
1013864,13.162374194736643,0.050991909531454535,0.035871681511604706
1015022,12.217446171361885,0.20007339389655907,0.0790785530729935
1000958,12.74887909453833,0.3273465280660073,0.17681314469515128
1008120,12.060905742199472,0.0719274596587763,0.026528470027992558
1013048,13.827755456145054,0.09987158091561386,0.0635269084543366
1002623,12.547948002309791,0.1884233847242607,0.12469037987736428
1011649,12.378006068861822,0.20414114460193147,0.05776517001661655
1014241,12.83122398284568,0.1907745220291656,0.10805584957337577
1006533,12.474493242346652,0.18348842331207832,0.05015456310692163
1007237,12.826035119551888,0.12300102281080628,0.07568327358408496
1006628,13.944904236905382,0.1267798036034241,0.06485036948012458
1011512,11.937547943201999,0.19786441814641503,0.12875537996579128
1011675,12.219278063556056,0.11955666566604133,0.06668270537812165
1015430,13.303247557147948,0.09915959935324686,0.0714802290048301
1005960,12.671576343731642,0.1361124419827999,0.09428082152456246
1006047,13.95340305086419,0.12259827856255631,0.0517550577179926
1010694,13.597594101162256,0.2366403347634119,0.2001679454591453
1016928,12.719740609084361,0.15168884804491198,0.08085704023537596
1013071,12.673644516653416,0.18779034211050355,0.1269018361843464
1012541,12.23645400278001,0.10853377101641365,0.019156267482868736
1001800,12.801300230721253,0.11529118662845685,0.05838021040238532
1004972,12.722535569320533,0.21064238558424248,0.11702943460003078
1005390,12.959880931944383,0.07037946334802773,0.007146235194853296
1016433,13.190281184713614,0.10340821084271809,0.04031785587091057
1000241,13.878034385055473,0.09336172544805275,0.06712676518424547
1005448,13.167195411624588,0.34589360471445957,0.147625143279267
1016924,11.614019845857428,0.2173556255884084,0.09773275317584122
1005092,12.908663367116736,0.2024159859102989,0.12469316305771104
1011416,13.9665933716531,0.24171526042920763,0.07359104522457308
1010443,13.403262005021505,0.1574691970017692,0.06416283698261281
1004608,13.14332996922269,0.32689378151129833,0.16071946764101266
1006132,12.79265073861806,0.0468189434284883,0.016309390061629084
1016775,13.137957980742359,0.2559366907578865,0.09396369155691975
1004771,12.641007457190982,0.23240184816088585,0.1146055409807951
1011689,13.650068058135204,0.09882384441522837,0.08850698870144141
1005743,12.815597332947439,0.31346792743470653,0.15581922017899913
1002725,13.09702513493565,0.24903419835726381,0.08560551825829137
1007583,14.156186202342418,0.2914017729405675,0.12568560811915105
1009645,12.401325987494085,0.24675721455075,0.06020417687358329
1001301,12.787828241694731,0.07685423872213207,0.04601814983678968
1007535,12.227872795051237,0.15785073640172775,0.05825884218059364
1001801,12.864866281634406,0.28390841396017363,0.13208325655388575
1005144,12.710445345263167,0.13683082151783757,0.07500778503734404
1006439,13.089597158123203,0.031951487735986335,0.00858139985409327
1000909,12.846790532191072,0.2536716788188177,0.10765600639915618
1008794,13.01542986186115,0.21775416808115444,0.10309083156013285
1011119,12.664407600820372,0.1823810856550695,0.08894994628429007
1000067,12.667754802466597,0.1770124192515139,0.08738610501972592
1008573,13.65720392304887,0.273901254632765,0.16194326369614534
1003296,13.446467576606011,0.2356406955906132,0.07083458453679801
1000537,13.242570394854889,0.1440384285844087,0.10429222545969467
1015840,12.421970300090907,0.17249439774589873,0.11026932230663121
1009597,12.915601237973505,0.09911868996496427,0.07248613006568844
1013186,13.170596126526386,0.1867824099218558,0.0863646859435823
1001210,12.862770716919997,0.09308584864656695,0.07932395812542072
1011658,12.905164745728735,0.04638584956894474,0.06298377227639218
1011029,12.7791570838882,0.1452904328654126,0.05484472092435869
1005538,12.42820593968107,0.39534296477119496,0.2654540824529735
1008305,12.868377196567732,0.5094996165969206,0.09173539557527904
1012651,13.043217024418164,0.10776376786054796,0.06169523047964723
1010523,12.915281927836334,0.23518537859218994,0.07749682340293178
1000954,14.069283608867007,0.09372567125021776,0.05451759016016347
1007218,13.748899401081955,0.31325592404503383,0.13198481780450702
1004411,12.550950117355681,0.18009449984912088,0.0642859543437703
1011780,13.013921396005175,0.1744446323160351,0.09983296273005172
1017320,12.100829241420461,0.1863309349700838,0.12122642509750442
1011181,13.318322979499078,0.2284974385012844,0.18313375346437846
1002732,12.66327707751352,0.2607889400402279,0.11044192013845133
1003748,13.11685045605132,0.3945695890764921,0.09449186758113522
1005428,12.867019148899375,0.2357235301618301,0.0880788251797967
1004287,12.972097328062498,0.18890073197641694,0.134359078821074
1008721,13.261263151710871,0.13474299135952691,0.04968578590568756
1004902,12.9751645968834,0.0964650542751073,0.03251194112921031
1000205,12.670704466957169,0.10168474639899606,0.05916143355550859
1016511,12.378933684559954,0.10433328166174285,0.03941405381226765
1013861,11.900292290824211,0.12175368643963119,0.038282831119049
1015241,12.475124596961741,0.11886043929263908,0.04263719400274958
1011003,12.516801193081823,0.2001351377818922,0.08127712710954374
1012083,13.07734712135668,0.12623108922458146,0.05663172628858246
1012416,13.121457734241334,0.25671207088238307,0.09024704682914098
1002609,12.552324846931647,0.12186022222069647,0.05665281560561999
1009191,12.625459929988006,0.3360285612689718,0.13653798065756434
1013913,13.171478528265204,0.04294730132642416,0.050785350593466554
1000452,13.798105541312593,0.23305948582028607,0.12761407779869757
1016873,13.427823511749656,0.08674898755677664,0.06357275468320138
1005177,12.191098043953284,0.1965244611711635,0.07948359801460463
1008879,13.32507550614379,0.17398313937902396,0.11819850326217159
1001111,12.85628768127385,0.28648910458982035,0.14556154866700066
1011604,12.924934912175573,0.26588577033829464,0.14403272324211394
1005271,13.078353561571108,0.18263757058679347,0.17557682548154188
1017205,13.473735649973698,0.168786973259715,0.07049417282585155
1002860,12.874780067114022,0.2094550735467388,0.10119094154586235
1007097,13.745074357327763,0.32814127884343525,0.11188130605463148
1002404,12.800801367056332,0.17117200422730602,0.08300261855662547
1017160,13.72240265920808,0.1871791475208467,0.07410331961558148
1009686,13.097214036148081,0.05107372634943089,0.051437865955153074
1005783,13.330217521314847,0.16670233697179854,0.14266210683248745
1006080,13.298008257486403,0.297543999369399,0.0823478685293531
1015906,13.903403937373199,0.23438294947604368,0.15892426835963772
1011243,12.79427278132466,0.06543531342059104,0.024049726238824818
1004347,13.580076553211244,0.10765430920825965,0.06100436243700085
1005964,13.570202890378198,0.20498837125889474,0.06388553439495244
1013859,12.355178162700328,0.1592879118825459,0.057605257603743146
1009547,14.140828375702995,0.15959505574558444,0.08045362714137634
1016551,12.245733660521276,0.14901336515460595,0.0457879570306266
1013755,13.406473089841146,0.1028748570093506,0.1013840035300435
1000877,12.520213704576882,0.1260286888266731,0.05304084858453826
1007179,13.92293588121232,0.12202167737841295,0.08467975476440158
1001300,12.236398539181055,0.24658048638807523,0.1467517131046778
1001587,13.117965377173187,0.19857180407086375,0.07205887215777503
1000464,12.05858098090097,0.24242148667687227,0.05846122112351149
1003249,13.146353821092708,0.05172459949501813,0.03829207944023427
1011894,13.430114592178136,0.10416532920988038,0.05027161682706878
1008558,12.675784645612042,0.09424691895908235,0.05059214238330359
1005831,13.524541452727238,0.1925298201303572,0.09811069565319552
1013876,13.9116788511763,0.12735867301924814,0.0606647121587084
1002581,13.395624156418432,0.2189586043328268,0.09028164913100256
1011129,13.307354379344998,0.14979508556522275,0.10994640613167049
1008609,12.803131518801505,0.152876113990056,0.0808673605712732
1008697,13.192565452942379,0.3532398408457457,0.09628575797146559
1005275,13.231094669493439,0.19212650523616537,0.10849092906691717
1014863,13.927834990418022,0.12436555001040199,0.06892637135953616
1010261,13.808570724155834,0.16283742983365176,0.09906118847061537
1014156,13.938266216354151,0.3383400031021324,0.17719156002246347
1005615,12.04455934185006,0.2778681002421423,0.09931415742020555
1015426,12.19628143311333,0.4184125635269175,0.11567984225946588
1001532,13.696497597356398,0.13591969725597242,0.1268242760683775
1005939,13.67186790234343,0.1310279292065858,0.06514969371440203
1005541,12.701266977649263,0.15900279535529185,0.06973380276793276
1008957,13.32800131919569,0.1677439125867884,0.04075531391109572
1013031,12.168373763793033,0.13628426794785933,0.060299667035767106
1008046,12.526878573913548,0.2745073265723821,0.1341271551646766
1010978,13.649792696181795,0.30724950842142107,0.0857963013783217
1009634,12.675645870980157,0.15766299630574473,0.05543766223822765
1010427,12.432730958822761,0.14130115365225362,0.053093226288591366
1003412,13.512043383290722,0.2823865862664037,0.05868748239234039
1008903,12.848763939203947,0.18543711288872866,0.15741293882035187
1000184,13.035399920443911,0.1698895479858759,0.0909460229636504
1002364,13.709676447009368,0.21944169803848868,0.10358049710633657
1003604,12.587232569761369,0.4987014153681993,0.214309170823385
1016762,13.295547486637702,0.08169353037886903,0.03660476031962968
1005139,12.663383593122338,0.18890751775412482,0.10862590884025662
1008888,13.127410689406487,0.1075649819964088,0.05492513635583267
1005339,13.140808356644936,0.16987538186446424,0.1051789094965504
1002139,13.230285094260092,0.28161137985799695,0.13906748782923706
1014733,12.731782935163437,0.12822998475420672,0.06699070184602075
1004849,12.709140629861045,0.20441219598632163,0.11222358236984427
1014759,13.422481426860188,0.2029062080659818,0.12295338733471141
1004687,13.708579562532222,0.10039713376092907,0.09606146145128588
1002895,12.318021535888677,0.24058938688126713,0.10088951043368372
1010828,13.358539813292696,0.21724974362865115,0.07848070446550574
1000947,12.72936760574323,0.1820349322837834,0.10000723038945865
1015559,13.330919063455918,0.11203746132106186,0.08816630924256967
1008817,14.027396957855972,0.15365811810724617,0.053656001244886335
1010634,13.087979118585089,0.298493446674091,0.0710881530315116
1006767,13.04432233327523,0.1481879925589798,0.06281495383504285
1013460,13.043999583805698,0.3778132405135255,0.1779569927316319
1009852,12.904224112772512,0.09655582353630102,0.06513156620422161
1008073,12.257256781841724,0.08534132925409581,0.055515228953905524
1015642,13.966196806842992,0.2184962217644507,0.07132950733326404
1016546,12.975545681205633,0.08314920822730744,0.03718869676354071
1011900,13.730001863142789,0.13426583436085077,0.04374676342423175
1006426,13.003867975503235,0.0945568457354494,0.05851147334127248
1010758,12.556711033432867,0.10188156095912185,0.06007347200811253
1010004,11.997905124527543,0.3279536114606802,0.16515969413204534
1010728,13.726751386033024,0.14227644451178068,0.04107534852662619
1001026,12.565514231160464,0.29486630231323546,0.09089546089630508
1001758,12.383891050805461,0.24683447691462138,0.1694275514154851
1005061,12.994849270013892,0.316943125673152,0.09018227530530604
1010131,12.836691936311894,0.16527099893368713,0.058072985669736316
1006155,12.961497784558611,0.11793858392357205,0.04701877209357435
1012179,12.951933154963326,0.08321989495899357,0.05347621832671969
1006058,12.910223070386374,0.0786840180692858,0.03617085583063652
1002748,13.083980159828327,0.1025821885392959,0.04827070342055673
1013914,12.869830728575703,0.1718097689013295,0.08188510384247234
1015094,12.429692009940972,0.09703815032918262,0.047209634676854864
1012688,12.900877887307473,0.22439588141466618,0.12048618323427598
1005845,13.640771567490283,0.13922412933100806,0.06554446798969896
1012077,13.270602656627597,0.14051208460754092,0.03893171503535522
1004994,12.615378353314597,0.2806842218642826,0.16203723424959965
1006312,12.881569986381606,0.3336357565406539,0.14331631738477493
1003502,12.85194200893736,0.10141270443038361,0.06737101016684502
1011757,13.570934193351228,0.10338960762212654,0.050284646029988216
1009518,12.912528625947859,0.10387432882725492,0.09753891712233821
1008767,13.245417883061139,0.11413508788182107,0.0767465575705776
1004016,13.368353261487124,0.06969864625609923,0.0823927842519369
1015434,13.000686867438597,0.19617365179088697,0.06470061742293914
1003512,12.388404519101583,0.24723348805416798,0.12888588928142325
1001365,12.341310338349734,0.23633277881205508,0.12674959731954985
1007338,13.707850089563623,0.33718233007766607,0.09381631835951447
1009618,12.25705934208595,0.10174730262904794,0.06626420882225677
1009617,12.969525878924804,0.13535199627820702,0.08572338139013425
1002713,13.646406367726337,0.26542344936134854,0.11103565419135265
1003528,12.293662437882116,0.23477562320758907,0.1555442364211954
1011509,12.397217122937978,0.41095986161090814,0.13213963100550846
1003389,12.924206667099988,0.09986232612441777,0.07505230141137595
1005639,13.799925547032997,0.06859792201243557,0.03961867206982723
1000614,13.5190091274576,0.04881185436607479,0.042620458042765534
1015726,12.575827888433793,0.15324399614297743,0.04688272102786132
1004774,13.377104808471813,0.10274741973415613,0.044803195533995505
1009839,13.19220965832529,0.16948860556804232,0.1714567531802782
1006526,12.780912112165502,0.3301033581367946,0.14381014000638645
1000367,13.348382228110395,0.3228303233074703,0.12912989474018569
1015843,13.37169327624705,0.21153165150106804,0.10076627855373087
1000167,12.642245332046366,0.4612662209645281,0.10790501282592027
1013089,12.14411600662138,0.41952952756663014,0.20704270583654183
1003184,12.93789651824594,0.15703389230008244,0.02690264971861059
1011684,13.546668744995635,0.49099669861549455,0.12621139485589747
1005610,12.758179684853806,0.2360376344469943,0.19558808529487362
1005287,12.600708238653889,0.21453933804185965,0.11397181687287503
1001345,12.402984659512093,0.15447526301543124,0.07635865475087872
1006565,12.809652585300105,0.20017871024611966,0.1233570790393867
1011253,12.92904416008041,0.18212849365266387,0.06486864209717763
1016161,12.797140491483395,0.18457711175941502,0.09531772121530097
1016063,11.558964633827435,0.1762656149412855,0.03542217061654144
1014341,13.065116885917718,0.1682818945914051,0.09864906071383403
1013673,13.150677888914467,0.08797006340729767,0.017860353331927394
1015242,13.07495105348358,0.07961900524240942,0.03587878053988059
1007234,12.765888810736364,0.5806028299293184,0.21429861636604414
1007055,13.908444942664557,0.13699224181376934,0.04519160017261235
1010105,13.713172024726008,0.2631397110231968,0.15282941887676546
1006194,11.962717207027657,0.13234603670627573,0.12563703807976045
1004964,13.964598402276529,0.05186038714417835,0.03436691217858421
1000568,12.95966041413069,0.14696536081225997,0.03866236603920817
1005724,12.16867160469672,0.15380564030799646,0.08543673254158411
1014426,14.020018158497782,0.08504777382254972,0.022944370127973127
1008663,12.637689044019588,0.21233650479703695,0.12359104093963338
1014978,12.701368050817116,0.33705568119966617,0.16510365767887542
1014235,13.485169856707257,0.08509700034625663,0.02773172629417044
1011108,12.600680764123103,0.2113176046116662,0.1102635596036116
1013960,11.708449824778356,0.31765866691279565,0.17825399802804276
1008375,11.975426766875424,0.23065952326079037,0.12827153818301498
1001994,12.758654452854952,0.23033953460851722,0.13896360960300375
1002827,12.951548037758522,0.2650408036233125,0.09847795234603643
1008177,13.178746048630563,0.05669044407964704,0.015176935790750643
1003151,13.425711558936316,0.14527434168622627,0.07480246291643229
1005646,13.087735225397436,0.09159371597751671,0.046884740847472364
1013759,13.524271915983176,0.21609291489756474,0.24057884382904077
1007082,12.78620282881742,0.29982630184184794,0.16486101343504275
1014758,12.609333233464946,0.2733266489834569,0.07904242252744687
1002787,12.943215608498887,0.2066957600965968,0.06823086973830951
1006926,12.575612822185734,0.08626600237349978,0.05128378893116936
1016391,13.835508902408023,0.20439494344066875,0.09151393737751941
1008941,12.746344204456058,0.18142315964041245,0.08710721318544315
1015517,12.43872271960869,0.3085366337722862,0.0756297949820291
1003140,11.973857184578172,0.3765969136122386,0.22994736124115844
1004504,13.066038322125207,0.21902419306173287,0.06780117067468447
1016946,12.360318436264473,0.3677853037786169,0.12865220785114348
1001124,12.99791443910989,0.08190550217312158,0.05947064509951733
1013716,13.164625224407663,0.24936940397499724,0.09233816771485066
1013297,13.47576204289991,0.12875684888327857,0.05055792688143289
1016251,13.239100438658333,0.18552432797610327,0.1370321533346923
1009426,13.018194083728119,0.19708649786350363,0.061407380463360056
1017185,12.805139502655813,0.20223657986298665,0.21439078243658619
1002878,12.886259191049147,0.09088420698278395,0.045435052609268244
1005837,12.673681894479738,0.45669100437280435,0.13812734037509938
1001016,13.245177379333638,0.08577536713442172,0.049150080119035267
1010782,13.652153565401829,0.34554226973823543,0.08788524556478049
1010175,12.715614728481754,0.48804561243253125,0.21717136653029154
1010722,12.368606634659272,0.19584651685720392,0.11492715850299409
1013394,12.915279167738271,0.11370759011078908,0.11399312994147598
1005225,13.944041142687444,0.229170360910078,0.09511722996620411
1012487,12.858535954593856,0.040592083225841416,0.01779101568890765
1015585,12.596979459619446,0.1589740245935915,0.14498297607197547
1015475,12.809459022107042,0.19879539676687238,0.09210788194881007
1006637,12.011743717164057,0.5464052858357157,0.2797875260772136
1009663,12.109252938711501,0.4372523186469604,0.17066877400880348
1015380,13.42954462453349,0.14046160268384833,0.07787101911374197
1001588,13.408819108909961,0.22687952636505673,0.1264534087850029
1007091,12.443449649419211,0.06584269946171434,0.02992816529128249
1004625,12.147967799851864,0.35442843619729947,0.1803259063068012
1015237,12.345241647234774,0.21385478161937224,0.11591560668975391
1013806,12.886757196701625,0.11918169137625899,0.07059455127320287
1016610,12.26548729002342,0.2967762115949109,0.2851813524852274
1008369,12.825495848716706,0.14011247302521085,0.10151460343057794
1017575,12.345407953633158,0.23452544494410255,0.07069772708580092
1003248,13.938938645783436,0.12408472116667385,0.08743377148769949
1000710,12.606317635523354,0.1979821677156614,0.09865887878677869
1010377,13.529883655707552,0.13853968603058378,0.07223303728002307
1007186,12.382676047335226,0.33203389133516775,0.10726545334475676
1003485,13.201351055283041,0.1626596883066553,0.05650852838208201
1005132,12.988826446816466,0.31191567760583394,0.08951673825004565
1007436,14.105777073568657,0.24312328262465618,0.1178222955564128
1002819,12.299712527876514,0.3057914072986513,0.15607105697155502
1015388,12.996545821545885,0.2199172823199284,0.1775869695422587
1004874,11.948226152975396,0.16470796318363976,0.05934281818852331
1007870,12.712374737111418,0.2887710456133302,0.16653258971336526
1000993,13.220459943066482,0.1212201112393887,0.04598288884309506
1009402,12.685505231391558,0.4119116560800225,0.14414807655083828
1002373,13.16456853762959,0.2442731978883845,0.09013596372448142
1007907,12.347301558445176,0.09078627821366775,0.025906991483000942
1012536,12.935250382554328,0.16997888457217983,0.047497931248337184
1005426,13.824243840752972,0.3758560171868286,0.11686545804946499
1016349,13.18078774393541,0.1606015145383838,0.07903042446321927
1002910,12.91267827430678,0.1603091798825986,0.11440238104165944
1001426,12.595036459965272,0.09551273593080756,0.036702073329374786
1004562,13.435620150995359,0.1817471252078715,0.12174950547327618
1013995,12.431543579639104,0.23127486554187465,0.12328499240465929
1016428,11.755284928564231,0.42723149613108596,0.22555139334599897
1003242,12.895108398410692,0.23169706295374767,0.08451996276627569
1009533,13.374695955740924,0.32897206266608503,0.09619588498427294
1002793,13.81857198136998,0.14833134114425442,0.06842395305880153
1003289,11.52942841300734,0.30706933194938507,0.1643726990026599
1005310,12.631009140382252,0.17843505531049347,0.19663562137424773
1001444,14.06809794130647,0.08467225935254774,0.033127993504539044
1006807,13.483186530329291,0.3023460018419035,0.09928059160443001
1003334,12.55482725500367,0.20787307089756182,0.0475863297365404
1006286,13.268466997482733,0.11259000583341143,0.06473436929250204
1015355,13.91046128463139,0.18679929022717034,0.0604051373517419
1011168,12.505286627239776,0.5069141497350699,0.1297044321157521
1010638,14.131603027227785,0.10736249625652168,0.09557207776549596
1016395,13.307676912782,0.3321338699022901,0.1414440749859525
1009301,13.12000919562203,0.0690914149334854,0.054908268950991004
1014314,13.351005488113671,0.19144264690157115,0.07464064138264365
1004617,13.099027395182182,0.11380323979677828,0.060177173354638396
1007797,12.087856295832063,0.19842986573548593,0.12901294895624724
1004265,12.931913322180414,0.12714448989751523,0.05388030495970009
1007357,13.803714410415449,0.513966033180749,0.12926307216651964
1001706,12.979311615358549,0.30201243744019174,0.1301112530099035
1000921,11.88758083201982,0.16410001242576971,0.12867413909724157
1003673,13.05997587247765,0.16897219516364992,0.05017487441671798
1009310,14.015903247175414,0.07081451495645222,0.041717689508437426
1001677,14.090129658524797,0.13789268536485505,0.04115452190629666
1013728,13.327258072295509,0.22248549072479518,0.1325707639469411
1009636,13.469296619304018,0.25305126424578656,0.10023796545802358
1004222,12.38837261634346,0.32142024860596763,0.19796834014771963
1003923,13.037585258605803,0.0816119522247279,0.040652271705890315
1013888,13.072037601118344,0.13404835328756198,0.03918262312158846
1007519,13.030124011716104,0.15969284867147793,0.08231239789102067
1010041,13.509516181973709,0.17659675411612316,0.07496701671554737
1011313,13.439987879999174,0.09724542628662719,0.05353563075263255
1011722,14.052217358412463,0.13537036886977638,0.0818362273414241
1006276,13.063966984447097,0.1395970711556842,0.039811823072021725
1014679,12.762451192873126,0.16326671722584224,0.07336537074945665
1012931,13.379563996354918,0.11339906381252625,0.03462186949637885
1017148,13.380413174552826,0.20554791789369034,0.1631303095957772
1010083,13.219783050853993,0.25234733769134626,0.057597479164064685
1014138,13.733981275392061,0.25884602550278296,0.13571857904519125
1016248,12.453369200000447,0.2141184084333349,0.1381333507997611
1009991,11.838916415000213,0.1637363807911935,0.057546723014980636
1013973,13.488172833263464,0.16217800813012168,0.08842992585039389
1002033,13.264465086515647,0.0838142452250134,0.054356957338582784
1003486,13.859620276677274,0.23991964249167871,0.136220022283458
1000201,12.182760785947337,0.2596431960783966,0.0729943632896171
1005616,12.065282631789705,0.11645501862451307,0.06817085896440771
1005068,13.288064798560752,0.27538840730391906,0.10304228602515138
1012765,12.710942020329702,0.206153337840776,0.11174433470943552
1008269,13.858672924223404,0.21293493050078205,0.15728039531733828
1004195,12.418014362534937,0.16572474906275633,0.12405725291840866
1002879,12.713449966936595,0.2890454763267008,0.13019934453883303
1000756,12.15170211814982,0.11691968546901088,0.036628294600085216
1017583,13.612508392496858,0.3467176165936451,0.10375596371171203
1000105,13.060342101210226,0.19574291785384987,0.06563331462280773
1007509,11.385514008250476,0.36112628215720516,0.13391691674237138
1000287,12.806772505176248,0.14652075345066765,0.050015545070175575
1015634,13.566153629217686,0.28589862793732457,0.08428464940331662
1001197,13.045324568437408,0.2729862401975551,0.1151710053842316
1010221,13.423969247310152,0.0791334959182461,0.07015603274155807
1000918,12.986649148095438,0.16413619933693185,0.04775663427739169
1012100,13.398793310503043,0.19031429317117807,0.08499118678456456
1005159,12.042082096215893,0.19352960006856681,0.05312548076140625
1001413,11.999681050264927,0.12357859307567036,0.06956884577569275
1016273,12.367220234965474,0.12579583355732896,0.048918823297657205
1001740,12.367886304511048,0.3994838060735382,0.1589115948821439
1003224,13.168348942132498,0.13668403326721934,0.078713730600985
1007231,12.867904050574337,0.08756144500785724,0.05854363738425038
1006541,13.168243544443317,0.05983300300579392,0.04929875357847616
1008923,13.01468824748279,0.17823363515222318,0.08317739656611359
1009049,12.446837922699602,0.2807509230296815,0.09715778669695649
1016316,12.56933578006038,0.11413513754876035,0.03695738083392394
1011310,13.230329197614886,0.026850581483559822,0.021041274744598038
1008080,12.853174716674062,0.11474604349235148,0.058051465057855495
1008004,12.717188787418374,0.11538962591604508,0.11687483245124511
1012679,12.395950508632001,0.261001406999303,0.13232844251618933
1009606,12.810076601997975,0.13210078346280718,0.08099168979763234
1012429,13.134119821207918,0.2951422870464151,0.0977653779623038
1013191,14.105395407025972,0.1656084887958968,0.06440617695981715
1000196,12.437558457332932,0.2993901398505345,0.101784264865753
1010944,13.957437157812512,0.03477420149072106,0.03263283890894602
1014161,12.900838012905334,0.14546926552620765,0.07681111303445347
1002010,12.979083572648005,0.15113137707710783,0.05618369593225802
1000873,13.264666215038124,0.23458807107123547,0.10033752523174873
1001620,13.330193047696568,0.07414861539302488,0.055798356739236596
1003682,13.920567078326302,0.10218698118201242,0.09422779042822313
1015470,12.100046960277623,0.21777209559657323,0.08721830292875392
1007196,13.16913786589239,0.2209652325573439,0.13112173985122041
1007769,12.51931322211713,0.2927579289264646,0.09536735337734031
1014684,12.756688780658125,0.14734052912814294,0.06953881983294279
1006115,13.18333329928176,0.11930924230799132,0.06906369588812925
1011174,12.702282121932265,0.17152554104908832,0.06380574522655308
1015995,12.041570324557737,0.36986185166153895,0.12251122617369657
1001144,13.090142558208887,0.2154349148222744,0.08070503632522005
1013423,13.812178645181955,0.1500811743654288,0.07586736367326795
1010992,12.664451502240157,0.2281498440955634,0.12438926536535971
1008402,13.061528908141186,0.11253629988436387,0.04743259992603554
1010580,11.952526139841519,0.137269511497176,0.038171591014803274
1003094,13.741515504924257,0.1307373117385669,0.05064972346736531
1004506,12.482962135461777,0.1802323241815927,0.0827655031406799
1005473,13.098681514204989,0.2061602857932107,0.1217858987066579
1005946,13.772448122684937,0.19052113369967472,0.06954572721056834
1007781,13.54134803129815,0.318653527474802,0.18851371387408522
1016752,13.489758523988115,0.2603635435853395,0.11321830341873407
1004343,11.932066183543819,0.10134837024973001,0.04302625391395365
1017557,12.981523435618485,0.15547851047239747,0.11666953401977691
1011306,13.287377449952512,0.10490980815515437,0.08189652958345137
1002716,12.746910562378398,0.30625328054022205,0.1488969188085378
1009868,12.804788661385354,0.15324153060931248,0.0972790419280631
1016692,13.433297901002499,0.1919710089499377,0.10134547252708195
1007339,11.996467586524522,0.24538812495547535,0.07038057000222775
1016598,12.432724218693975,0.21430108862472316,0.12846890385489784
1013691,13.812529570255444,0.24126779762038894,0.07765700028910916
1016534,13.807473522722283,0.16227287631729606,0.10402288172239008
1012605,12.171687804659397,0.24065994044225927,0.1265400712469467
1015251,13.002211980238878,0.10511139850383391,0.08989702904673753
1006546,12.142282788329345,0.13732760552716367,0.06490341980839236
1005834,13.777746553677147,0.2087281055457978,0.09947021141887792
1008021,12.072620165138842,0.20926912551204818,0.09013767215872892
1006929,12.362228540688516,0.19421488168883277,0.09575600267764053
1017345,11.73310556993764,0.2122448953380599,0.08120323191462409
1015979,12.950384766708586,0.1719155809540878,0.13481666855990765
1014785,13.593828734921193,0.1912485919810463,0.1081513496408358
1010031,13.45546534512159,0.07651691234652744,0.022740815275452513
1009506,13.122482681242326,0.09570221988748112,0.06282423032666547
1012059,12.839836013272162,0.19997622308585586,0.07766617451038695
1001682,13.235748076695723,0.19477618810956512,0.11064837640641303
1009185,13.152953072473823,0.04318793380046175,0.026113525635705976
1001056,13.412908688787137,0.4782238839913091,0.11822858971811911
1013154,12.70658907823377,0.28181831204767027,0.13790771221750964
1011907,12.664330475219941,0.2039306769018418,0.05146921848024017
1016139,12.88735413412729,0.1801024032078246,0.087276973629278
1012943,13.178673863104711,0.12105221261325165,0.057410921498228636
1000645,12.06646245345106,0.4482097362767495,0.31726698622563815
1014380,13.936388497746352,0.1745495847809794,0.08793839090804942
1004399,11.946315885918013,0.3274655009558967,0.19375447432235485
1012882,12.616380060452636,0.133244151900882,0.07631866540842472
1013932,12.396420736974228,0.2829457023881851,0.08753580032876156
1006161,12.963642956560653,0.24761544393105442,0.10099498618663254
1012135,12.82141884778896,0.26974171182236156,0.10348964031210953
1012627,12.883118609845539,0.171100228116791,0.11011166003441224
1002181,13.874302062863444,0.06351308872119646,0.04923894885292225
1004035,12.257157481086818,0.26976742561775086,0.15153633162786398
1010027,11.783303131286171,0.06906241272818357,0.06026580209244836
1002080,12.06535249004663,0.2668024220467407,0.14550805895951222
1000717,13.588724403764065,0.07982516568167174,0.03801486882964364
1001408,12.426073686343374,0.23193520944767665,0.09921272383409792
1001367,11.784146083218593,0.28069940870426274,0.16276678693856073
1008623,12.289967404908383,0.23342976436223623,0.1385568769038027
1015432,12.744000985662483,0.11739457032422497,0.06465159001414104
1002310,12.834376309753983,0.16263289642147893,0.07105112931267957
1013724,12.529214832234068,0.15248441334149207,0.10736323905248951
1006338,13.852747883064966,0.3519367432972793,0.16691385165324238
1013433,13.329526132139145,0.13991633819375635,0.07033004836881078
1008945,13.572314437313118,0.3055823814591471,0.16676064218742537
1010677,13.599211051578393,0.079916018738103,0.033513531114011175
1011289,12.659759700874979,0.58348905484468,0.14529689792657594
1015310,14.023345115762078,0.13114556780903655,0.05478718101971866
1013294,13.37844617516336,0.09241910760750945,0.03141308229511591
1004685,12.648010111185652,0.1509175967360167,0.04499675665729769
1003246,12.720461192591001,0.19492104926933496,0.055435776120524485
1013087,13.780518008235441,0.13340820719463944,0.045310857805526156
1007210,13.012782880778765,0.042967923440099774,0.04172826972419759
1002649,12.781174247458022,0.3428437640014204,0.11482792571618106
1014458,13.037377048732422,0.27278995193196925,0.16058935959452625
1011919,11.937906671685973,0.2736223263617199,0.17468470925778584
1004282,12.909124191964157,0.10444884363957051,0.03941826586755305
1006681,13.74451731262154,0.2926109475839392,0.07730801201638257
1009545,13.225531226101664,0.13148541892126597,0.03633806408539215
1012165,12.298675303583273,0.27665935833348426,0.1470547547996386
1010367,12.934138568319982,0.07910609088694362,0.0971607326898245
1007025,13.814641910705742,0.24038980689477665,0.18437901409567736
1007760,12.955707503676111,0.0641167736835049,0.046090581753134074
1007770,12.686958510396998,0.374823733060283,0.17105654001837353
1009689,13.229930417221805,0.3195030278239625,0.164102209752283
1009569,13.421221428111854,0.08048242265218421,0.0632238947444699
1011411,12.779908684454123,0.1635890092754095,0.04621024242928786
1012615,13.338317491698543,0.1891773476249996,0.062451137137594176
1002325,13.128678754494691,0.26108336867446386,0.0571015880518138
1001297,11.955569246756403,0.21071377171383884,0.11117250088102042
1001202,13.84562584817285,0.125268646595342,0.13126580361530985
1016385,13.021986793661801,0.23924641151572565,0.22342382037852346
1015072,13.081073617027025,0.1258406489343171,0.08763777169346904
1001678,12.65831036971942,0.10343759973045075,0.10393404835587686
1013606,13.034876705040215,0.12412959854436356,0.07389111081574085
1007949,13.148268678283946,0.13799156883678942,0.05312632419214749
1015814,12.048980446670969,0.220210943373383,0.12686848262287595
1008684,13.203766922391951,0.05474973201493744,0.026367095388325924
1001984,14.09319874947713,0.07679316933608919,0.06765506612641946
1003131,13.350887848340566,0.12158055025888691,0.06327065661729947
1012408,12.932745757238655,0.22925378994237605,0.1660861536196718
1004137,13.608870654727228,0.19324463471142458,0.08190544385271858
1013240,12.928823172313558,0.4362344547474595,0.10073397455912576
1017563,12.614438838141597,0.16652805051239494,0.06999816179432067
1003200,13.132999622936223,0.14318664404758838,0.048539009123072664
1002859,13.518849494818596,0.46708540372776103,0.16744949862869263
1000358,13.024564501187252,0.2623250516241203,0.19029409928088
1011511,13.614816125346545,0.1196278170694179,0.07899716762796236
1009956,13.151601122131307,0.30454598612464423,0.10189985020710457
1010503,13.392044566671855,0.0647590310000285,0.07875636436208128
1016733,12.70218502032194,0.1427421364847863,0.054141816950492166
1010193,12.663236772733004,0.5839708585400871,0.12940308246649646
1014711,13.43412787525774,0.15256638224929603,0.11147163359730473
1004637,13.470170294661882,0.1503216529980157,0.15305913335652505
1001867,13.26903132051374,0.2825094359336064,0.14695739238036762
1008496,12.965259203429476,0.0802986625563867,0.04204036699271881
1012393,11.997438201486359,0.289261661957939,0.17780164641526536
1003403,12.820925009019987,0.14157322508700548,0.05465863486665338
1017586,12.690855737467412,0.4396311717797857,0.20624914345906945
1007580,12.712598911810971,0.2593987723606658,0.11345881542316431
1004688,13.257854050453258,0.10847832843468125,0.07395114754550813
1016196,13.465571031055541,0.09378718499947022,0.02976865504257136
1014191,13.060760354612157,0.10737106673676612,0.0726600393650092
1010401,12.830020770419308,0.11811579410969315,0.048493227260117594
1007216,12.252837728197301,0.16574343043690629,0.1140043294672311
1002403,13.865792757466608,0.07697039916338949,0.02695452945580902
1004055,13.323495343366337,0.0541787164260657,0.039362736325105674
1000956,13.150392269294144,0.18992933459513345,0.06520350178940365
1002423,13.455243793129904,0.22630892677020029,0.09715250680130429
1002738,12.515286164374254,0.21591903412065389,0.11166921530145463
1002530,13.945325242286955,0.09801626585161032,0.044443435374667606
1008608,12.428534767406191,0.3223919194250473,0.1474718369839002
1013733,13.809395177794904,0.2030412728323655,0.1391879124195392
1012614,12.252676118029433,0.1810515767241946,0.06269295401561817
1015161,13.607346454646182,0.2777002416978882,0.07831866252522611
1010070,12.52226254225337,0.4966510256582836,0.2577983335631618
1013683,13.00922646415814,0.14900754996541588,0.06776302817586786
1017319,13.64013780899047,0.20526982342852385,0.11592407970812958
1013247,12.66022247304956,0.1984018452329664,0.06748467576918316
1012186,12.321536551133727,0.08336509846907138,0.028619877933192935
1005511,12.473035721507243,0.3761481020657849,0.08084746393194514
1002803,13.165610559137084,0.1276153724077704,0.07076433173248385
1008711,12.158256194570422,0.4045420118361716,0.21632293531752758
1005584,13.233392962329036,0.16848743793585322,0.08169460776361774
1013658,13.831474148222485,0.10000194922500256,0.05689249149062744
1001843,13.674492623264143,0.12546560274212748,0.06680054317411117
1013519,11.559645314373025,0.25816129113830916,0.1105588906992989
1013280,13.248801657187164,0.1390726644935283,0.06361795624031467
1015884,12.941504168257719,0.15245510289908554,0.0781128439671486
1003425,13.701705190453817,0.3707920627791023,0.1562124558086334
1014270,12.038055447601762,0.3049480844065809,0.09570114158576014
1004501,12.879430470181253,0.239680426868151,0.16523458821123255
1002665,13.124479519717388,0.14223252012819118,0.05496667451185444
1008059,13.071005047478108,0.03604171700179349,0.010246022252386463
1008274,12.047012704710186,0.16959635565104386,0.03666026902380765
1007988,12.674893309947672,0.18244967874942616,0.10043063217701233
1012634,13.373029916139823,0.03278868374761301,0.01567225887363337
1008754,12.495790953825896,0.2222438424634487,0.057423531557707776
1008439,13.749761887793547,0.1499418497360616,0.050789968058021905
1012725,13.133518596236085,0.3370370643870088,0.12607397615229288
1016549,13.304209085219808,0.15435617494322587,0.09225679474303816
1011702,13.278699021303973,0.15649509430624145,0.08998802148365175
1015230,13.284141130210237,0.21052536366400662,0.11889755817339762
1015028,13.20536984269903,0.20826072343219204,0.1348616143419281
1007753,13.28362604026285,0.11150677345790254,0.06379815858237312
1016142,13.379444235272045,0.031246987905802805,0.031239478923508156
1008087,13.089361502637983,0.13498450909165974,0.05019533695246341
1008098,12.65565620621581,0.25159356433722024,0.02708921288154547
1014036,12.592739276217742,0.23930825203950024,0.09459478828832561
1001376,11.901272684632112,0.19709512390504347,0.07888240472472983
1006783,13.369489856636365,0.12477700984114957,0.03448598418334718
1015419,11.89861982523234,0.40174323831324826,0.164789062437208
1014908,13.745202216614894,0.3065049981970502,0.13393282531968254
1007153,12.58975999646578,0.4741682141568173,0.2997378722143731
1016996,13.678416680792362,0.24817634111268347,0.12065224154977597
1016298,11.40605916444084,0.2456566429784418,0.10968035122827766
1001997,12.488941959607304,0.11486695624282488,0.05555498866310112
1013358,12.881033190937115,0.15893087346134302,0.05333031893596703
1003558,13.116852410003993,0.16006742120745704,0.10058703305299756
1011530,12.75993272684858,0.34809091330485176,0.20551534258344795
1012555,13.712452511826763,0.264194119022442,0.0880528681567874
1014884,13.999857890129045,0.31224871055582915,0.08495046465634525
1000623,13.022321398449288,0.10714616308243706,0.05628325111799248
1014114,11.90153006383384,0.3432964994712887,0.1102723213164042
1015515,12.731291769190223,0.292262771874101,0.09876656062827628
1004927,11.357340601110758,0.33781351845313895,0.1539880190822461
1017426,14.007318102462001,0.05543438679079539,0.03418983178498152
1009200,12.745847930358641,0.23819519224643326,0.08272106835335329
1002586,12.654255667878541,0.2642261507032026,0.0782371863739104
1006111,11.724650405374923,0.3607591301136231,0.23834416343649711
1013194,13.357210740395269,0.23974307592604047,0.13799361708426142
1009479,12.890368373848345,0.2289843800797316,0.0894715578092943
1013846,13.06640816853524,0.2315364271093254,0.10748418099398019
1004740,13.131090055612649,0.10879017345987753,0.06981931922896079
1003006,13.756150263399142,0.27824219861817856,0.07591340987545833
1002999,12.926051265258476,0.3590220591451579,0.08353813118323661
1001941,13.204942133564579,0.27391402874643567,0.09431610922862589
1003093,12.643825256341119,0.19104274236405452,0.13007585653091155
1004752,12.90160854149746,0.22298945812104218,0.09091685840836133
1015955,13.483353088295527,0.13858378622885428,0.06983268421377054
1004783,12.52927567139853,0.150578693324858,0.10014517225070099
1016140,12.809855370039664,0.2174199192032046,0.0748213853033834
1003437,13.096486753703468,0.0767200871460345,0.041854839358311115
1008047,13.756139779903792,0.31748071506676007,0.19993694203680087
1014061,13.055724590564623,0.12976723601439372,0.06508877843845978
1015034,13.37716172018947,0.20758603396873326,0.09963882405656516
1016201,13.685652326233095,0.15439370729335225,0.09364753228832827
1008848,13.54471933908781,0.13905947038460342,0.044155195603034
1016974,13.706430723622892,0.20436837776670758,0.07000323527751097
1008048,13.007540678049798,0.15778942668715473,0.07779723563970502
1000329,13.718601114357918,0.19514788067326158,0.07410572906076617
1004659,13.139599646409588,0.24086120763814303,0.08928471968151891
1002599,13.355885825704934,0.13948953412235715,0.10923548843347958
1005770,13.081517409534696,0.1337723714325468,0.06357332492904344
1011470,12.363309792804074,0.21533611899210733,0.11214838427977798
1010881,12.99527686262409,0.11801847728044151,0.061149328643745914
1008971,11.638731510075061,0.26594262564091964,0.04759553062027524
1017076,12.967879237451697,0.07708645586267603,0.02768464988872224
1004384,12.310234701123754,0.3182766928958682,0.17775414916371834
1005402,11.831196083951289,0.25173494396726775,0.11590684067695374
1014223,13.133883954632287,0.15629133719680155,0.07318134602572757
1000651,12.509200580727617,0.09732530688323202,0.0826677593163877
1004433,13.452296333718348,0.0814021801817998,0.06278857834747369
1008477,12.709873019273871,0.2608909616185629,0.0895189158744447
1001817,14.018418181059172,0.21214699822912325,0.07273271433202003
1007915,12.503136829731623,0.2188717414409844,0.06945797619924358
1006535,13.36184498361885,0.2634157628367185,0.07059175808476331
1000492,12.083024777729149,0.21613151304822406,0.06935674184138574
1003067,12.979263547943736,0.4068240867200015,0.15638888404984297
1014094,13.20190546520014,0.13780290251074628,0.1478544815428708
1013457,13.479108541364516,0.08553266994664803,0.06936090563122953
1002863,12.988305960407262,0.23977182960188353,0.09986366222435428
1012853,13.071527583561917,0.07887060805506727,0.039574950548303976
1003013,13.214055391603857,0.16661965685128532,0.03762096666824294
1000183,12.93567376826914,0.09475878928624148,0.0615707659532046
1004402,13.255912642792554,0.22166447924783023,0.11706775448545
1008320,12.94672496209877,0.36400636223945326,0.1140050460341871
1017095,13.43348347059856,0.15634219492947032,0.0628793916673842
1001823,12.822218089463014,0.1490258487028782,0.07098352308675274
1001021,11.95030568103676,0.20400784350346302,0.06796769658140198
1016879,12.93577154433053,0.15862703550721108,0.10689215655118747
1001150,12.571156254961327,0.14709967795883291,0.0486801949514353
1016724,13.33697814919881,0.05855117838426931,0.0566284004990436
1011998,12.068199844227353,0.20451443663914604,0.06624050296530314
1006211,13.08293642317478,0.20234822791647544,0.09912007246236246
1017456,12.629798736918929,0.26387058085838766,0.1409126257355702
1015971,12.856529358031201,0.12300644280208795,0.07940147478714842
1015947,13.823997866309837,0.2973253059660457,0.045629028114120014
1002953,13.841951161185035,0.1990362148084118,0.08089996631465901
1002757,13.59676614741994,0.13113062306002976,0.07860386965163277
1012784,13.298450121837652,0.18520005565437103,0.05668485504859631
1002532,13.56773607552263,0.14820161671118043,0.08591536126902194
1013961,12.420424275134275,0.4057779947398911,0.1115137536952433
1010721,13.894114804679248,0.16146812828329077,0.046315763941246924
1011798,13.807455775333361,0.15075929722664597,0.08966914774484723
1015808,12.937517579173255,0.39545074895294396,0.10670358281788075
1001265,12.626191354203383,0.26489478282230655,0.13886280673297835
1010742,13.785369538754534,0.10695758680879544,0.056116420096755826
1008079,12.672473514000545,0.21482079401814314,0.1769746777653117
1006556,11.27798367834662,0.3795033837826452,0.14097527254636094
1016046,12.378615058059975,0.279221809665694,0.1367420118883809
1006363,12.200514499288829,0.2781024910357253,0.12240768082405298
1005650,12.538495465541862,0.19869111052812918,0.05349532036953547
1002161,12.838296986286949,0.1580784909403547,0.04647349937768752
1017329,13.487671582055151,0.0877936496989807,0.03866651913798472
1010372,12.932351648329421,0.31640389389679124,0.10893482354611458
1007947,13.55565318093305,0.14088017274557968,0.1196440492802675
1000383,12.718231060783145,0.4141139470999102,0.1986983400848781
1011776,12.339356571265728,0.4129490398889204,0.1476263205301066
1017577,13.271108037561156,0.2693890207836689,0.07736891729397367
1016570,13.269722143353107,0.6337155349792675,0.296933962388093
1001664,13.108469709937795,0.22217791807545614,0.09139094641347072
1000866,12.59832276154515,0.34999381573399385,0.12446330850094975
1012715,13.238376480642861,0.14112882773625965,0.10752407852203805
1005516,13.703048010782249,0.12828523521959573,0.07446507558710358
1015839,12.53931527493583,0.287982572139117,0.08431541038331354
1002470,12.871373693525463,0.32112398756692334,0.17916799023893937
1010311,12.839513257187534,0.28212125545432665,0.15508941137809565
1002841,12.899007179243874,0.16655076885109854,0.0740845582853403
1003948,13.579855662683068,0.09510611705706136,0.04726360323027065
1003846,13.112972448650865,0.16218299819099102,0.1664374595041001
1008470,13.337852787486208,0.11601206166177618,0.07523052210175765
1010242,11.292949033781781,0.36900378207962664,0.14828775275453424
1013904,12.336240681741613,0.17569427127575798,0.0769449446339449
1015891,11.462704978481701,0.22657045573341786,0.09352976991996541
1002484,12.901176168122769,0.18872767830409207,0.06355840995313736
1007165,13.81063682050282,0.10367323911716278,0.09306963922310801
1011591,12.05199234961939,0.30869886786490497,0.14296057934499248
1005267,13.224789900847579,0.23876051268923362,0.0730527283315677
1009801,13.288854073620037,0.169579457851806,0.04125051103337119
1015004,13.001038626172212,0.1897238820266304,0.12628622609233983
1004422,13.335305451103022,0.06130096135686969,0.03015790017724925
1017293,13.41236623859055,0.1375979121820505,0.04441634432385599
1005851,12.713083114078048,0.3214010443142885,0.09742671801606519
1013543,13.50063204106879,0.20966579328854829,0.0812309109180765
1007001,13.08607026764499,0.22195215072289823,0.12251734994962706
1016696,13.732009805842553,0.1926171255866932,0.08014694733997478
1000937,12.88203441217877,0.16150525589759962,0.09977464159514947
1012992,11.94007738819756,0.22330875797984526,0.1904942004020409
1011486,12.273839993799895,0.22418473261873106,0.08911416324248433
1003110,12.718618223206974,0.23735549138391349,0.12995572953817572
1007505,13.616552554523926,0.2043458458213548,0.09452737747460861
1004725,13.188053119822584,0.09089867219832895,0.05323939618015809
1014146,12.314856916869523,0.1020523627244006,0.04338981930514074
1011015,12.950352835818412,0.13400688473790967,0.09544289710560265
1016651,13.458343749135587,0.11485042349688647,0.0909242536728507
1015219,13.946504777226403,0.13940679207239817,0.041039941574729434
1004234,12.642245561635145,0.18653380606847111,0.04728516892243737
1017229,12.949432339706638,0.1567385778711188,0.10004246416259628
1001372,12.472511156260884,0.16603477394080796,0.054540711264987864
1012085,13.257566796234757,0.12746512900344692,0.14846463613821237
1009143,12.265676739980215,0.2959004609947541,0.1423697745510034
1004808,12.65019030295541,0.14756614822445116,0.1073220038937802
1011767,12.010640856592198,0.41232041260903773,0.34977655004484
1012683,12.504889791660354,0.25652001467346114,0.056787898864908204
1010271,13.596608259105379,0.08769912187650432,0.06330711780091101
1002283,12.845021902935313,0.08400199578948997,0.06784752844006671
1003035,12.005210627568326,0.09602080612155858,0.062254794863706026
1014105,13.67632092625646,0.22563188679604426,0.08041043146656238
1001110,13.50040911017972,0.07922454201031928,0.06553918967081511
1013600,12.122853505111202,0.2479569091817202,0.10270628282573901
1011832,13.007368265663501,0.15254178407882957,0.052641439716531915
1002284,12.481820891430317,0.1934346638574345,0.04357879008991303
1010343,13.331975534589747,0.0852225922253089,0.03595263012345666
1014791,12.555341848236653,0.08613743069019707,0.04192038935676799
1013427,13.145056803960394,0.1313174596501636,0.057676312895732225
1000207,13.212875924941892,0.05066938407356815,0.030470295816859626
1008685,14.133838912176042,0.22252330564296113,0.052308101649602146
1013345,14.024391480649852,0.37787299286197223,0.12802555993984205
1008446,13.007301648524436,0.251959586585063,0.16346072938912734
1007430,12.07793908124645,0.29870570888494974,0.12055415868691521
1002444,13.86242286679375,0.242723098745398,0.11317188240252968
1004168,12.762643271953634,0.4668776172785368,0.2001351423781571
1011745,13.619651713291073,0.17648277770553966,0.07392453439714672
1002569,13.262396116730741,0.13928253999245352,0.0458464052958747
1007069,12.310894317460138,0.3033114540779921,0.13173256951517018
1002967,12.89979667794236,0.15610156838339456,0.08112182774791732
1003073,12.382549278296962,0.3209345549480469,0.20599740490220278
1004727,12.268547869102733,0.1376650330173704,0.04425162211714424
1000308,11.408362166081908,0.20466452137627522,0.051406515164368616
1017166,13.376673789349974,0.11257194755951125,0.10679622151570793
1009463,12.300925540448915,0.283668663198618,0.09387529710162398
1008893,13.230593394382835,0.14684458632913241,0.07560752435976456
1010606,12.013497340256095,0.22946759838347053,0.08539095589547188
1011937,13.49535877765401,0.23080533076375404,0.1000710272101682
1015279,12.460942999764667,0.23695814509804786,0.08470929979147067
1000448,13.339969700642373,0.1191055423817432,0.028793780318424927
1011813,12.970798081799854,0.15419372547130605,0.07305228738175563
1004601,12.78347897980553,0.08391501980953826,0.0966515568281249
1014566,13.447735968952761,0.11938139657565584,0.06271925255405753
1010906,13.238178750962122,0.10879856618759673,0.04186254828333744
1001281,12.185562616730893,0.12930214667680445,0.09411257839371139
1017430,13.07757094507499,0.08724895492553665,0.050874962411463075
1009268,12.475911385224814,0.28179498708798617,0.1128518308924994
1008209,13.241459939567868,0.24039179142288586,0.10076686750698001
1013366,13.637423964150084,0.3630551064636044,0.11098013349339059
1006938,13.927781032416691,0.27412689862155226,0.06244086922905519
1004283,12.812950398919337,0.11828140078026737,0.06097518426262348
1013720,13.956114274655029,0.19964453135614688,0.13370194372319608
1006809,12.631638877889728,0.18206241107933602,0.07096838669383994
1004787,13.220253254322037,0.11354976900373284,0.0619409921200765
1003018,12.526512710780187,0.16930075537143757,0.06941119566098204
1006908,12.873493193824501,0.12147100555596702,0.055414937351775856
1014651,13.766241618599247,0.3132009390743153,0.1791883907091507
1007061,12.791882688188979,0.12140564733547693,0.07917618917272262
1000598,12.808838716854654,0.20773327010736412,0.06783117731247136
1011905,12.780076448122669,0.15655882323376435,0.07745997706159183
1011954,11.603376694015187,0.40852563417597937,0.14316371731245545
1007732,13.30939146578642,0.14089588991557322,0.09151477720158652
1010940,12.844204333952437,0.2592951348673287,0.09784068953086311
1002989,12.718077462343743,0.21432887213599247,0.10670231376446561
1006028,12.661053181330175,0.23329413961236078,0.21345687336916272
1002679,12.583744861042174,0.20368750806660987,0.15174947278738002
1012257,14.047432741204858,0.34801507508390067,0.12614409222089495
1003428,11.690656639111698,0.22870034488526206,0.12228885904907195
1001478,13.262357645549699,0.14208728157457381,0.12544133015002604
1007957,13.162123949273024,0.14687600717680363,0.09583856289206269
1002919,13.0509820835496,0.16535728927149748,0.06972709926133656
1009838,12.651849043050232,0.12293409459470794,0.08765322287386994
1002942,13.235848383898004,0.12563141356650406,0.09495128563813783
1007771,13.939970636933502,0.12770962082915296,0.08191193134436409
1003967,13.83772153270645,0.04458279645647423,0.02318536600493277
1011405,13.359531412569856,0.15647157712579474,0.10984011604603897
1013935,13.551912729093862,0.08895135381819681,0.068090365906531
1003882,12.722270900331871,0.17139422482760627,0.10313638381059874
1005629,12.982769386513358,0.2176106891515904,0.08520762216803553
1000621,13.022976838750774,0.025477303400968286,0.012648212574910339
1009869,13.040476174923711,0.06772487401252418,0.04381668001340308
1000150,13.470821689190984,0.16035706179588838,0.1129385888388992
1017409,11.811816498645461,0.3976368643016386,0.2251890538003977
1008480,13.953393649460262,0.16665406420356677,0.07844025298591469
1006749,11.92787794174698,0.10081118840543742,0.06479722805807121
1011324,13.291804151643396,0.2134141114021056,0.11546446752695767
1003298,13.685682093163615,0.055969630090741254,0.036987296809431094
1001122,12.484115723070124,0.263121551312184,0.1113425820413823
1006579,13.21525937782076,0.38559892694788434,0.07933160728246343
1016155,12.56322929702239,0.20526833303443676,0.06220443041567438
1017116,13.23599000998058,0.09586630518460566,0.08405894106521222
1007790,13.362627415534249,0.21541293788611302,0.07324211710743031
1007525,12.476695269147188,0.10865898370754955,0.05984252704523555
1012280,12.07155604395214,0.6694822768843344,0.3718438781765687
1006779,12.802896345545406,0.2643474106677399,0.0784026567985194
1007875,12.446421802684947,0.1368508018994786,0.050470455275492196
1003893,13.609073336773116,0.09510668029660624,0.062197089962685
1011094,13.068221249153021,0.3248222041492862,0.3061940296233822
1011389,12.923592214388039,0.1014762752151,0.05068864401565404
1017016,13.050703298586347,0.180681423639366,0.07695482666100623
1002902,12.639554891029166,0.4419888416210388,0.11338521995050564
1008421,13.30082351597813,0.1345073671632498,0.08364805902375208
1004956,13.948185657434658,0.2411570272420097,0.15744135424610137
1003775,13.170544541300915,0.20197835958421087,0.04912371494908341
1001428,13.301003404298841,0.22458700882743204,0.09683783203399696
1008840,12.152499428605372,0.07697035533216162,0.04275597516416977
1015298,11.882808065869682,0.17597236509873032,0.15852871436229343
1010760,12.327242165898252,0.08908703944610114,0.03822862447605012
1017420,12.522994521626343,0.23164076874106662,0.06332506454997862
1011563,13.106750237583228,0.032214388644294316,0.036839222634551146
1017493,13.107746345399557,0.1883326293923967,0.09231268300181086
1012880,12.969442653129086,0.18293244506915615,0.16412695524357163
1004450,13.272311122494356,0.23164238797478626,0.047757385515189564
1003173,13.5804761786882,0.16459964656668444,0.06664545313092353
1001955,13.239987990751704,0.11568229993742853,0.10438655416426683
1013804,12.27403179806345,0.21754882715353807,0.1207965800185101
1010632,13.26276017200803,0.1698218804057757,0.07749346123070419
1017200,13.912820008309774,0.13101198034453426,0.0647004151781094
1001988,12.557301847237278,0.29679640268404894,0.1433961229013526
1016348,14.04505372829231,0.19092461922518877,0.06210687198082094
1008757,12.33898055397608,0.12683343512648157,0.06550526161826192
1010239,13.182250059044245,0.10170012522122417,0.05744926587598059
1015379,12.768829405560462,0.1763070682752639,0.07423989523998499
1016709,12.777390509136337,0.09561601227637204,0.07955164898819272
1002555,12.770151353696685,0.22447098661493542,0.10704678734625353
1014351,13.803118595625417,0.2585066201977887,0.06147483538517183
1005843,12.799134348052155,0.10433749041270561,0.06812465369678801
1005286,13.787852308090672,0.15147253893336335,0.10365109277782611
1004602,12.399770192908083,0.37392940105662276,0.14912400335337045
1014534,13.487672510990958,0.3410124562297768,0.11592610861702764
1014466,13.641734373338055,0.22124601626753088,0.05065561588437928
1000731,12.342363885941,0.19459542199912938,0.08002760825518465
1016167,13.744749897693596,0.2584582867671265,0.0704973802089121
1004317,11.743162701847604,0.34067546752461686,0.10553387981455847
1001045,13.119117051669884,0.08630388048487078,0.03326833997774872
1016154,11.53225503380009,0.1944784990982563,0.03670129527297047
1001464,13.736841338235678,0.13278557756979945,0.11466738337198572
1014564,12.38745517716431,0.2694573768056904,0.09874845559909853
1001929,12.949318124980403,0.3968970253180147,0.15901793857469138
1010763,13.747627955099535,0.6374448486269501,0.2597806809201613
1002031,12.331339403986481,0.20373484804552747,0.08044286972719614
1005378,13.62435692092047,0.35807218668111657,0.13382581553258402
1016660,13.419739829757006,0.1895929282791773,0.09121868326328675
1000653,13.633992862880461,0.3630864464592383,0.10567670209520426
1005252,12.510568965892043,0.10360301367379986,0.05965068357614466
1013024,11.721700113977418,0.48994939348155103,0.18599861146926375
1013766,12.898707541332685,0.18851470064115522,0.06005783221517782
1012195,13.29474012385962,0.16621052249481555,0.07167175770372732
1009539,12.954834180344562,0.059567558730857825,0.037173403344267816
1002023,13.151740386440338,0.20901069811283493,0.0751859524900062
1002059,13.392862154790569,0.180084169683468,0.13308848246009392
1015997,13.149119496908323,0.15405689292025085,0.06048932087412552
1005083,13.039421097449804,0.11572146328879455,0.062364322531821455
1016626,13.901996922950048,0.12702168915501824,0.08633101334492697
1001082,12.873069443815075,0.16465498295475192,0.15923482573502434
1005099,12.730046129387757,0.12611689857145658,0.02729616825599521
1015069,13.11271020819194,0.048244761244601746,0.03811672243403096
1007878,11.614211775736317,0.3410578226642686,0.10908637772893277
1005518,13.572899690552171,0.1562424924099276,0.04350779286062598
1002598,12.265550456736642,0.4820876858282459,0.1664043345356605
1015220,12.958347795996106,0.157795855523358,0.11107177086632201
1006177,13.268748290770263,0.10688911839450609,0.04360767964018434
1004769,13.058074772723812,0.195324901840239,0.13656881533746504
1013734,13.062099902901053,0.18112116558281952,0.07544739820593548
1007736,13.744058863401717,0.3484766039132078,0.08383485388933441
1005855,12.417716847542216,0.2727969908705252,0.12106154838655589
1000509,12.943644178841348,0.18413535457226057,0.07055172027152071
1003362,12.263453452787083,0.11312275646362234,0.04733865229687743
1005152,12.194096592337496,0.34110052095724763,0.23084733887617478
1009013,11.832065825881228,0.15325114756913924,0.05794331667518658
1016611,12.566700005821671,0.19345018358076665,0.0730654682229685
1009864,13.255953490173232,0.12639856841145536,0.05277449712719388
1013007,13.2994576675243,0.07461178546365872,0.043468469220277
1015356,14.00124932629763,0.09789040113585527,0.09910160771469614
1016558,12.915549161797662,0.061524552446978076,0.03771935198487461
1003772,12.26057803069237,0.18558698062328674,0.13600776940846943
1006826,12.40207182064865,0.0720186823528945,0.039475958930102584
1010614,11.391569342997473,0.3120965701641206,0.11923247120820407
1015670,12.723700806111824,0.1810948971007976,0.07492186128782327
1001260,12.97980351673175,0.09910390262825704,0.08808833004327883
1014952,13.766819510906549,0.26722274429579623,0.15675921273260568
1017089,13.0215866516519,0.10492537702944102,0.053160127742953624
1016780,12.30196054477466,0.1943948890849067,0.08700519146488872
1014599,12.389519272649425,0.06364000063650584,0.013238385269729246
1015665,13.073864160761765,0.08601383741739074,0.0400613719186724
1016012,13.96404619567023,0.23270191648364005,0.13412670492536471
1007124,12.616523660654323,0.10102113073159728,0.08015312334388867
1004130,13.224758523049578,0.10445876519882373,0.05049401138114173
1009935,11.476627436015319,0.2400787639314825,0.09357772007809398
1014442,12.4963294642871,0.2802305377489366,0.10944067582002019
1011201,11.37087411629559,0.16642903502105322,0.07689442046767307
1011703,12.956908662213245,0.1772986455785827,0.05743773776151568
1010516,13.097650295349238,0.19521882633328144,0.05477978461766895
1003892,13.926547821190342,0.1726293307896821,0.06634947056075832
1012127,12.274211393290932,0.20170969211583192,0.07776678208700384
1003800,12.791519124916377,0.14920440996026968,0.09141916057496308
1000994,12.476858458031813,0.15969142522386184,0.10179074270208727
1010813,13.569368934037927,0.08189381949037491,0.07019965776954157
1011041,13.231154487558266,0.03271769571702436,0.022618936606237653
1011034,12.59844788747214,0.2855002574022812,0.1335067260443941
1016172,13.157171295649528,0.37457907867927187,0.13397135868684215
1016424,12.827522984967262,0.1284312908495747,0.05691327711969441
1014525,13.218416704881415,0.09038703004635548,0.021676072866341715
1008170,13.651291006474448,0.3752058034956078,0.208656430736891
1017122,12.807852755150009,0.22812979978354483,0.09306292779724759
1010106,12.628542819650118,0.4374325255492,0.152129994626799
1004955,13.059318759770372,0.12439460603587356,0.06997377685159589
1003807,12.83945307669509,0.32470413880670757,0.09488560697440918
1011404,13.576191773845432,0.16736653962122375,0.1464330758070631
1011359,12.718549123894642,0.07527565689499842,0.08594203097642829
1014575,13.809064911614948,0.1742467530712715,0.05392466366541416
1013524,13.28701796914821,0.06591099819887743,0.03241482489048043
1016108,13.704662287155422,0.2705781973677451,0.13204411446936776
1011992,12.822487135593354,0.44741906754549543,0.3177543880487069
1010451,13.878965966534386,0.14527866379693394,0.09577397041050706
1000033,13.298846593899556,0.04331886143341647,0.02851218287680398
1007057,13.195770082398031,0.17252381888388035,0.11462107135384413
1003185,13.652212959835445,0.5540236955875085,0.09377320176147819
1008181,12.486104492853189,0.23470392664174952,0.0758502328036856
1003662,13.297533752913454,0.23576091856015832,0.11291727004314465
1004166,12.987575942316933,0.13461836418741518,0.05687309497571842
1011668,14.139522383776324,0.1098562811681075,0.04434047170073865
1001827,12.54251909609257,0.09022365363299754,0.0263633235278192
1017529,13.047166556603182,0.070350711336567,0.02613528776893517
1016731,12.316542043001093,0.168667234207099,0.07427232665020689
1017164,11.91757720501077,0.1990040102872457,0.07775802985319948
1015835,12.701367637014263,0.4398297932543407,0.16133245708706362
1016346,12.946294941756298,0.08806660203777177,0.018120219582751434
1015984,14.047969795161448,0.08314430270428849,0.06329726651608768
1009702,13.527149844227567,0.2963341607301877,0.15700540059041357
1016192,13.906265858958454,0.24712744899083525,0.08202466353951084
1015136,11.939998958092529,0.19937244479300348,0.12955530135320398
1009488,12.652751028168995,0.13429529219114175,0.07348600538270128
1001418,13.711050836954064,0.3220636260671412,0.13754597709020694
1007143,12.933947580302307,0.2203954421501376,0.07862521591668878
1008149,12.866507664526262,0.15586179644166862,0.06675313518572164
1003576,14.005814267310193,0.41561819793373744,0.14832160401407374
1014249,12.32273823257377,0.07418157663019194,0.06589877577901564
1001937,13.814023704640283,0.3253996992906824,0.15244590320306192
1005905,12.3468590572376,0.36355616264922036,0.23060308458937534
1017593,13.892973833145186,0.12088826725342607,0.06818252653860099
1015152,13.287109437576072,0.24596173987298225,0.07822448656124327
1008746,13.365526851702844,0.23190346865771366,0.05708798148506903
1004026,13.301811956879542,0.20991858336925415,0.09557139746030674
1015850,13.500312958963898,0.09220167028731605,0.017528397972084227
1001631,13.725287298972775,0.37559076380951323,0.18169638360439597
1010649,13.529846102634984,0.2594849051360325,0.06910810099673476
1017385,13.29542377415631,0.11545534462766997,0.08259852284630054
1007684,13.298638714977429,0.07801467138869593,0.029140761881477434
1003533,12.810117878209615,0.07012547971520397,0.03321333737905093
1016886,14.088777678275997,0.15253266611147034,0.08626646520169551
1011373,13.377001917884963,0.13117884020885648,0.06725045485933971
1007594,12.501632009585563,0.1258919078222239,0.052423829272087254
1001641,13.121157896460781,0.05411318840072511,0.04022112226556323
1011666,12.962304304673195,0.07546584232896014,0.04192247530943715
1014539,12.289260217711922,0.17198521916738316,0.14199850386609217
1011494,12.752998977054817,0.16642304752631926,0.03686145397567529
1004754,13.928344315422203,0.07795977273348538,0.0774840656153422
1011887,13.243263345871947,0.1738999544846355,0.12323203520877755
1010565,13.969631270033569,0.36853790978977485,0.09328462411584482
1005649,13.980561581147253,0.3003516479358588,0.10434149108254624
1009100,13.492684438803176,0.15826410469955868,0.12269603545512073
1007774,12.409343434065624,0.1498109220457417,0.06420749575149816
1007931,13.786410599614376,0.10182368635774038,0.06602004094191001
1001146,12.659679039897902,0.1307296625673662,0.04918987660207476
1010513,12.850968148893394,0.14276182308211458,0.05301695643985006
1002933,12.606362151190618,0.1832044920941803,0.08059235888193972
1014883,13.57222304936002,0.17107708694454982,0.08294410935002715
1001960,13.33214134897386,0.16232917852207407,0.03937224998309202
1014354,13.020156961339131,0.06727039981049457,0.05962333038993165
1002740,13.84892673928915,0.1317901243998994,0.02981338358433005
1005293,13.788645083342528,0.06993578402950366,0.03771128011342496
1008939,13.064703228685206,0.11062783254913927,0.05672319934529059
1002029,12.720715315237744,0.16946128762875706,0.053157650652359514
1007547,13.108587753110704,0.2439254181735977,0.13966319902121294
1011991,11.967283633478717,0.38810198817546765,0.17233248227189168
1015569,11.735037707398291,0.12404390324162094,0.06265729138852166
1010519,13.22110536211755,0.08653814197932384,0.04739857816974035
1014349,12.339898186851848,0.3540294415935676,0.16309414920711926
1007289,13.948692508183987,0.19222637123932845,0.16853267248371986
1006559,12.432773034823859,0.2970586297612198,0.1876464236993536
1005452,13.545117034901041,0.1608004757354481,0.08471998184602364
1007962,13.39019634576757,0.4711842366580976,0.18463154773022106
1011662,12.312815204728823,0.2772426609450469,0.09091025261087389
1015757,12.104192308026782,0.1835760090183792,0.09382060725729129
1014591,12.91465798198724,0.24381811015609178,0.10575368958275498
1011040,13.421136508223086,0.1487650339992069,0.08893775339202084
1005379,13.834035920171411,0.1442769829085248,0.06927550192063815
1011543,12.878184005365851,0.1097133981281831,0.02437811527820293
1014511,13.183189358446826,0.06187328790242371,0.057931567846016864
1003432,13.321562972794593,0.1861216627670637,0.05668868823747012
1001617,13.121243069654628,0.21105953858417234,0.08176424450986172
1005888,13.541879397552245,0.16785204689537,0.051990425919118496
1007273,12.959558440440976,0.1768945809673875,0.055396507367563165
1012253,13.257296555202714,0.06894495929499327,0.04042072484820413
1001608,12.037760082624645,0.1759139485975709,0.07072477596995871
1011523,13.028122573754567,0.08281847441558332,0.0542164462317677
1003946,11.485363844411687,0.05815794527586059,0.033382169431589184
1003941,13.812707339759845,0.14825091997946105,0.06071598353944798
1004541,12.640318229327486,0.2713428657414592,0.16078483649327532
1009095,13.481675100944516,0.09302704306718072,0.05388805436884026
1007755,12.830996669950697,0.4684269277040526,0.07884007140181885
1005984,13.015009585863757,0.14629086150124268,0.0792716094946313
1013546,13.53047582732991,0.1699203580167126,0.04999750258027889
1002130,12.636190647146874,0.2648355447547491,0.09084300661826578
1008571,13.58793976617986,0.275863120560864,0.06302638758882492
1003804,13.872931673440235,0.20743982629571556,0.1623272316854539
1017351,11.618558047664795,0.17411018437613124,0.08506736022008643
1004636,13.065461337204786,0.07550179016779082,0.0720741203702075
1013178,13.804305382598029,0.06292236372604934,0.01703107919789924
1006133,13.38186465639854,0.10020458585886734,0.10584989295719849
1007263,13.396994560157738,0.02600526857758458,0.015550320122557157
1015916,12.069506826310878,0.242686394720614,0.09908894986549016
1009906,12.637077127922828,0.2178855324060123,0.0987745589390023
1016377,13.340007500964608,0.16042782818643253,0.11479844245046258
1010584,12.637020683833336,0.14709395696327665,0.06003101875472189
1012065,13.008724988205211,0.12341319265359552,0.07427279686700035
1015529,13.3163583453374,0.11979755513532989,0.0523231519236002
1007845,12.99532556573949,0.03916948697270302,0.023432156863941126
1007497,12.844899800779002,0.09245858786919152,0.03429062598625743
1006039,12.170801712903328,0.16977363456957298,0.06868995631988974
1001679,12.478011762459737,0.2916751205434155,0.13648972089862396
1016354,12.654443643545843,0.27817167120836883,0.10499903666075422
1015148,12.264041051924716,0.45028258413954425,0.10128314185830462
1010825,12.333083215303875,0.1336760845678206,0.05782206910199748
1010774,11.990586145952328,0.24734606021543418,0.07967818351017493
1017167,12.485745191349032,0.11834587067871638,0.048977054955615044
1007040,13.221652689666385,0.20234879309985634,0.06335216655127837
1000950,14.176064499808216,0.07459764865773162,0.10652871066990392
1011200,13.690314137336392,0.18511550872754287,0.07281635343902611
1014876,13.41581455186278,0.17872598305803772,0.06974586206970233
1003924,13.29112810216986,0.0515896065524074,0.05600730683179024
1013308,12.731528640433206,0.24913336303987635,0.09033821420220323
1013505,11.669872062613253,0.5906080382316722,0.2484884974599883
1015442,13.101292408433252,0.18601028264372826,0.08044066290453838
1016559,12.347365854440932,0.1704855698899237,0.07496086538467403
1013040,13.398353467744828,0.026437008930187293,0.00740656170160803
1004884,12.774425962873918,0.09842255585555651,0.03895538208381127
1008910,12.107335318653762,0.22259682401263342,0.10576511288383532
1013539,12.83201646823099,0.1015184980685718,0.08150912051029655
1008491,12.975101017771822,0.25992961529060554,0.08302345971098957
1006812,13.706988337694183,0.2669403627754224,0.06925496017345595
1007903,13.551054578641311,0.23184202659264125,0.086701952475783
1008567,12.32795558661148,0.36018561005181815,0.08475773258357633
1010680,13.319793344473329,0.3281261041152042,0.19399729379376082
1003555,13.681676561019168,0.2049457404524856,0.07102352438284901
1004379,11.717398751491368,0.16250420388789968,0.09389353862659104
1004270,12.948383810657305,0.34885339213054545,0.07548559855733625
1016112,13.366347401319157,0.22824086391604323,0.13263600814892523
1015092,12.923942205097417,0.13564575480776014,0.07319150879272417
1017548,13.157269664543898,0.13350807425452557,0.061023934050583234
1013757,13.352432960088715,0.17282099051053548,0.053745730072036105
1003601,13.373698572125065,0.18739537384286664,0.0787623393076374
1007754,11.956096864867737,0.16932783891208888,0.08612587094538257
1012834,13.077641059993327,0.1066663898418081,0.13102377840607277
1003027,11.831824297474538,0.4321287062183318,0.1686188595834721
1006776,13.754477370721695,0.24145051845580762,0.06726062808471607
1007682,11.35828577861934,0.2825619380887347,0.14543110500407364
1004499,12.404570211706883,0.22148788459155794,0.09309170183996937
1002522,14.110910407998082,0.20573170481095987,0.057719308374107055
1009582,13.540832232983059,0.20614226513821313,0.045773138057666626
1006138,12.531995208997287,0.2628505971001761,0.13465459537315
1012918,13.751271129811004,0.17238203181259792,0.17542498776960702
1016800,12.518504191149875,0.14675734058767764,0.07302269869707187
1007801,11.756120118330193,0.3039259856088011,0.11745979457326561
1002844,13.122846327613406,0.20394350612597276,0.06328594802345798
1003758,12.635769200293412,0.11965871171141461,0.10389222121006171
1004022,13.436605913740067,0.11909892452803547,0.06514234278882507
1000074,12.400977692172717,0.4312030344510763,0.19492863258549298
1004573,13.54142910725387,0.10938837169849903,0.05251044429640262
1014543,14.109306450829703,0.5793023650878817,0.13071764237260777
1016197,11.926518863586962,0.18336929598395688,0.06817597157217936
1014640,13.7075974186724,0.1059335466361446,0.03944889478961087
1016532,13.186506030792778,0.19837437435096378,0.11656882801770987
1014626,11.973329393732612,0.21902228102985474,0.11079461843013307
1001108,12.741090886109264,0.1255797549478039,0.048316627318427494
1014930,12.640458040168342,0.3099496729392872,0.0943850639709892
1015364,13.678199141388658,0.12551392982609183,0.07909568488746084
1007253,13.056791613732479,0.23972686035172455,0.13903580614804317
1002861,13.842975684974386,0.14882654018626965,0.05139963008937821
1010973,13.895404101637856,0.11103880608082083,0.06076158312942645
1011553,13.25196786944284,0.42929030087757214,0.09781153520455571
1010201,13.827029789341752,0.41252740310848107,0.10352272213431327
1013033,13.801066306605625,0.2047055462539169,0.09967718055171401
1015660,12.602305654634867,0.13810903239935332,0.0719738003624219
1002882,13.54559135462246,0.28820671266881015,0.24555886510092162
1002973,13.903596685439489,0.19140228699810274,0.08428831918540977
1007723,12.899228423678972,0.21460922545618902,0.053069069690399505
1012622,13.345777388856954,0.10364298742388425,0.06802732365407252
1003420,12.937958929026474,0.22618018187765065,0.07494413125033497
1014709,12.878822030844214,0.04639912526054232,0.0244618138449256
1013322,12.059469826832554,0.21740338320370955,0.06023803369019717
1011312,13.091277168318257,0.17050783948734122,0.09152313157527912
1010213,12.012182511248477,0.14064536859769708,0.08566299033978493
1000934,12.956225044451335,0.09062224669408658,0.07366402783884153
1015348,13.94079271693428,0.0745368980860542,0.038067169704568256
1010635,12.487786772323012,0.2504093736994645,0.08838397233474142
1009189,12.77645248459711,0.2195282675321504,0.09594579730268274
1004244,12.406629038461636,0.21441669317071219,0.08147995495422425
1005331,13.255699810428268,0.1695894736247576,0.07060702033512747
1007276,13.3726312795637,0.147278174955226,0.060021152440952893
1004378,13.592717832604189,0.14540657288403339,0.05941787929205138
1002106,13.794988139991663,0.18430685547461945,0.07330039794890933
1009065,13.157167953012612,0.25250465290764196,0.11984278585676032
1015329,13.019213983393326,0.13415677302069245,0.056698568881654005
1001499,13.374113134056303,0.17241219023505922,0.0665041144520713
1002415,11.709388054035886,0.3665611159568997,0.1145785005986927
1005154,13.083342568411823,0.0858770886019212,0.01603797258538243
1014849,13.404458135022667,0.10163230818049543,0.056668907599675
1008743,12.387664428625094,0.28889824158266936,0.08838358097160352
1014318,13.373662285597685,0.3384136380110682,0.11519140206761029
1015283,12.890165948222327,0.09888353738641276,0.032092358589316694
1009318,11.810785169966687,0.41128018362752444,0.29005769715588064
1002121,13.09221818718094,0.1105131332494635,0.07516686893254794
1013701,12.790208822430188,0.1630425869874643,0.05429224428536354
1012483,11.764863560689918,0.18366060372057194,0.1136817713692563
1005165,12.879243990150059,0.26825646835412537,0.07305273461228826
1002980,12.454709458321956,0.2184848491760898,0.10975068146476095
1004532,12.585907276791483,0.2913696240066998,0.08961270396295296
1015737,13.336404376316583,0.14291226644149346,0.07344664681887654
1007846,11.935426489047186,0.19478098389804205,0.059313957427564984
1012444,13.89744701997971,0.05873122794674359,0.02808206260185406
1000149,14.135461848020633,0.13833860423343036,0.07952557392843185
1001123,12.538964668518917,0.39977541612240025,0.12580316617035023
1010289,11.916860044985782,0.2274506085407289,0.054657840916377
1017450,12.229105420572743,0.18199125495803475,0.05965065131025204
1010512,13.931844177452612,0.08724507328973584,0.052538613826570865
1008996,13.938760901281881,0.18996631626783628,0.06875887103662465
1012268,12.591988698032148,0.36965723166459724,0.2116539366164684
1011122,12.492267022995705,0.13067313613987824,0.11124137760934648
1006083,11.951856041820912,0.1420537730248594,0.014150566903413639
1011854,13.737329024332475,0.1483217103717286,0.04127328546345438
1008860,12.613884381627345,0.14607785123011857,0.06719452753031692
1012678,13.269418350053517,0.07822934121000616,0.035040112904811745
1002076,13.54657386651903,0.3688341961013686,0.0987480422596693
1015083,13.194574390286016,0.050732748574499005,0.017826472713072677
1013593,13.238114973586303,0.10053729967622926,0.06971439378131561
1008398,12.954757462122018,0.209436003170512,0.08882723105050418
1010907,13.105079816983112,0.10551267495552696,0.07452936416416632
1015415,13.57160788576552,0.49285334854378116,0.12797435512727318
1015791,12.419026285132665,0.13894057194244022,0.08075320120474032
1005020,13.398584439291033,0.06220416462527665,0.0521841649637331
1004392,13.494673786119266,0.12817546034851013,0.06380366032455304
1011974,13.042454570913847,0.2017574562702439,0.09807597716055114
1016162,11.77461275707668,0.49364690441397446,0.24018494058186501
1009125,13.481840689287736,0.08099716366187663,0.040664343852670634
1010404,13.67386541487046,0.10836789706778614,0.09519168318511077
1002818,13.853278479023011,0.07615591968021704,0.07155867024510106
1001261,12.6482111481124,0.13481141205246783,0.0538285422366455
1000032,13.149185712649384,0.18144583162938868,0.13516610901749238
1008718,11.975087223943419,0.2440959955462857,0.11602507269418023
1014464,12.810635185367067,0.28897024194170745,0.10088107530676864
1011616,12.1594812546844,0.10592492255725479,0.010511998200721582
1000941,13.157598786781364,0.2279494324751868,0.0767080325047025
1003606,12.907361059057822,0.25718992739492524,0.08750351039109452
1016687,13.199652681867558,0.15251431475553506,0.08186545201814807
1004526,13.529483624230064,0.13590867283895,0.08592491939218189
1009681,13.66584221447492,0.15456845631710786,0.08069862253269496
1007260,13.057085199468029,0.06183819961524368,0.026880698852734905
1016442,13.911161455306097,0.06627735867036849,0.009044933825782807
1008227,12.303128667088885,0.14079860170015973,0.0675888504827872
1006705,13.124937868760691,0.21112356748993322,0.11002548579465944
1011676,12.555591272559015,0.2568603974742276,0.13610492709627317
1002721,12.847097927437309,0.2978351241639901,0.15702225399227926
1002747,12.84292889604139,0.2548231186308563,0.09182498769096933
1008959,11.773700875677571,0.23931140204492593,0.06225958405691336
1009748,13.636999668458506,0.12280994747795478,0.06954440217594544
1015263,13.27809768625148,0.09536763581870399,0.03175136049311631
1010619,13.032888965629454,0.13246902953814094,0.08346636223834318
1013678,11.984282372012904,0.28164492788975176,0.11065939455900618
1009307,12.566151322697833,0.12742066233380805,0.027949217978872835
1015596,14.076251766931088,0.27383492260263326,0.16144399989772387
1000671,12.97743437345108,0.11898526077581006,0.07327622827132925
1014238,13.051395463390564,0.2861686462498496,0.10527623145168259
1005208,13.25672229652564,0.1076961113526639,0.07904043861644461
1016997,13.181552456057366,0.17364514845650567,0.058566283000698556
1010241,13.693168115279438,0.09359080539295846,0.06431304408791344
1007998,11.954943741277033,0.3118592794009364,0.16531601808789537
1006234,13.26380977573672,0.22172712476886633,0.16023738188295616
1008169,12.632739725872094,0.3250964352328638,0.11886191465255633
1010368,13.027323492452878,0.1661581208570009,0.12172475522263039
1012378,12.841929484979053,0.16743238877280794,0.06815082594499296
1015952,11.865514285398241,0.2803571289385885,0.1061943552192185
1006854,12.357513757920946,0.27565337007303015,0.27814871647080586
1005673,13.333295386745112,0.20414006921505665,0.096102242014341
1000306,12.852930995341401,0.16419540537352348,0.09690359876311515
1005688,13.665293462117045,0.12812468431426596,0.11350674023680594
1006422,13.315807965549922,0.15171586395973027,0.06011211232248054
1003914,12.524150482702803,0.14435799274251632,0.098953157717103
1000476,12.403585627197108,0.25201081652840446,0.1175370464943439
1010018,12.81091017149402,0.2624318462687937,0.11920718544596064
1003590,13.70291347835859,0.16008411735534697,0.04511999285831975
1012928,13.863630359096641,0.10226397810880863,0.02326433501754435
1007019,13.868108065060966,0.1880900747177847,0.08328270101746973
1013791,13.963056251385893,0.3076577201990473,0.0898130113621108
1001420,12.37354044170482,0.3035761171063766,0.1033976364771475
1002053,12.63190434421496,0.16628310342956149,0.02567527612494118
1006576,12.572884165425661,0.16096972743257215,0.08298122718529818
1002218,12.718966349362587,0.21484208499623622,0.1336638151337495
1009187,13.432713844740793,0.31700691823541527,0.1655931138328511
1007730,13.779759579598055,0.23404944363009988,0.13592232525541406
1000462,13.288264449958078,0.14724648571198395,0.11008422592916628
1003669,12.848786255602988,0.16064729233118363,0.07413634965551733
1017018,12.91558015254632,0.05985465671814146,0.03286013612683241
1001335,11.971271767979397,0.10917661775980701,0.07499642667035614
1002903,13.233290805167487,0.25143830594412386,0.17605174413798041
1000967,12.155693871072026,0.1890330691394532,0.052584039818015155
1006201,12.902172291305787,0.22708754829914723,0.11734284718404114
1012236,12.623775634673677,0.1086711577124113,0.0795964014597122
1007136,11.780147816714312,0.4423895042574345,0.12298024375239508
1017519,13.467984987896024,0.3577588100727738,0.10119783915172367
1005476,12.505512890203931,0.1969343351639826,0.11299246468468382
1003120,13.24793081881124,0.26410861026112176,0.06600394402575259
1011075,11.940243419737206,0.21549363642998132,0.030243567459857082
1003561,12.68411424332139,0.10908130502129289,0.04762647848218662
1009790,11.768056827924982,0.21186793441295731,0.05397973900372595
1003720,12.736928103292566,0.6129762070850946,0.11793866212381147
1007487,12.838431872377063,0.17158655560807665,0.12337425524711085
1012183,13.476460698070989,0.06987849550505308,0.029357541633035295
1000181,12.1449119956507,0.11322306751262591,0.010948780717571861
1001518,12.850139390848708,0.28966146205328874,0.20284374236940955
1001319,12.339804873366907,0.14928615929533587,0.06810324677046202
1013710,12.807276207889823,0.1497230333676825,0.10434169960054644
1011663,13.241464751489774,0.323664310099202,0.09966235038625317
1012656,13.279925360941693,0.15776076992114887,0.08933599416110675
1012005,13.597495794840304,0.3620825068872114,0.2450799389823541
1017386,12.677541305148678,0.1897493954398826,0.09049203499859952
1015996,13.188479581837804,0.16977845785011503,0.04196957328981382
1006292,13.522262919216745,0.09498749171273459,0.10193787556080515
1001095,12.730356566438182,0.17532184157331387,0.09031440354594585
1002978,12.460869919095806,0.2843426141945033,0.10787940683744951
1004241,13.650789469062458,0.17301113325954096,0.05566755050768508
1015532,13.598128511392291,0.23365893086110737,0.07623519897906188
1017049,13.160275223913763,0.23446791764166539,0.08915030773010979
1010078,12.984158167197235,0.08978006642841786,0.03846152596808272
1001076,12.726567675718707,0.34029645149097715,0.0977272171905071
1003724,13.922022876047663,0.13175322742782247,0.06412697371718733
1006175,13.803670653059582,0.12004396243770281,0.07023406293844654
1000570,13.437185753277697,0.1980830004193312,0.05578318672079611
1002126,13.156494751091984,0.10379713916796378,0.07482063943108384
1008644,13.225248271649198,0.1315629550748655,0.08517160846976013
1011484,13.230609949371422,0.2297643549315706,0.12362484198978446
1004970,13.175329272202774,0.1515631898569956,0.07549996906743095
1010747,12.5779101312397,0.35985716030272724,0.14120019621747681
1014040,13.258453222906148,0.18108025944948364,0.06445876020528034
1007665,13.01560816118365,0.1090531343968502,0.050631454533204834
1016080,12.013066407967665,0.19218317676138744,0.10385374846678021
1015195,12.50615884120046,0.21943141336553768,0.098942172610248
1007191,12.98376156053242,0.120700633017418,0.10051913380225116
1007324,11.785832010245967,0.2586717670744753,0.11721499012761168
1012865,12.8730294905578,0.08522836062683718,0.05457163011424811
1002191,13.846738885102283,0.13669480790584201,0.04664989580207926
1001302,13.710368050015452,0.085266512602432,0.05259358159708112
1016043,11.742720977771315,0.3427699616197178,0.09881264345865796
1003643,13.047022205915939,0.21258901339718195,0.0870444413491357
1011901,13.487004724560885,0.18672478822155478,0.08196904641218451
1004284,13.70287661180757,0.30848319842604666,0.10110748129116907
1004053,11.855065100374505,0.3031976297544348,0.0962234045122885
1009755,13.415629494728302,0.2031412596751475,0.07224012133776302
1010074,13.814441958545771,0.26189490651447783,0.09609149442012513
1001775,12.317850482470396,0.13344950638683567,0.023610482674201964
1010733,13.155537750788278,0.12644865824923468,0.05779703936711433
1006994,12.653997311278218,0.11444378034453093,0.04275096636288808
1012126,13.656989759943816,0.22190484330437463,0.0764197595559846
1014565,12.524652181298341,0.21656092274955682,0.08649839964640924
1008666,13.006354566268925,0.18158969931923105,0.11051531920310295
1012394,12.730248447605804,0.2510951044227162,0.07242128213794259
1015215,12.586238833082527,0.35816961525810903,0.14343133410624287
1006537,13.237533193839559,0.2709675459360914,0.1500966049254996
1014728,13.176090412171371,0.024082435873445968,0.02701553510393594
1001414,13.324067659208675,0.13019784564391745,0.12176485218213125
1017398,13.022795367218786,0.08864945879415323,0.07265128076375568
1002426,12.69304937207046,0.18289660882832592,0.10068163677686592
1008456,13.784147124398077,0.3462029665093684,0.07575407594674463
1002849,11.76524891977877,0.2959936119989354,0.08819495782195776
1017501,13.201571745023474,0.26736351796486946,0.13582321587143265
1007060,14.238692698174004,0.22576197875095286,0.09199284307697482
1008799,12.979181279583278,0.1450880755789799,0.04748969626510107
1014767,12.764042037013605,0.21319946019765804,0.0982659302382195
1012047,11.661758587460938,0.26794870746125676,0.09148027123170197
1003488,12.496764231957956,0.126298877387014,0.03159886700212612
1002094,13.223289496403023,0.38106276581444665,0.1609430793708468
1012500,13.76313993526564,0.16799442483170907,0.07597645281097166
1003385,13.877951546729783,0.12548767857605497,0.1325784359196329
1001834,11.738469627831055,0.33841397637538173,0.20137089974325717
1014265,13.549368296997203,0.16376111129711543,0.0600838703469419
1011841,13.278990989783743,0.3202243477903328,0.10919721418603279
1000833,13.193698019574455,0.13681795687056644,0.06015195616214281
1010827,13.377138144603117,0.1284349175824995,0.06254238633824769
1008182,11.660156109017578,0.2509028326256978,0.09352705222056158
1013937,12.897851119635478,0.08680391878918847,0.025984849669227886
1016624,13.295814910035636,0.10104684749224972,0.07822817868015836
1016682,13.031783356894472,0.18917013445865583,0.05891951266836511
1011375,11.34168532815149,0.347932996641121,0.16222401334282377
1007696,12.905171546168788,0.15381585431379968,0.06697953080688797
1008198,13.411466324888929,0.23369928361545583,0.12142277595902762
1012568,13.253909631112279,0.14833970378298067,0.09521012071638159
1001837,12.952329891996776,0.32575157268748334,0.10026232386703408
1013151,13.279331133372603,0.04643528727831869,0.048726323768268825
1009188,13.9747892282429,0.1901454063846979,0.1161562734344323
1013327,13.434194908112547,0.1907247060525285,0.11849501574595533
1013857,12.7823026574448,0.030317607570929488,0.021690132850300265
1015973,12.335560986819198,0.2694626023220709,0.10002326783004278
1007350,12.048767661229576,0.17976339271222422,0.0960734036998094
1002656,13.31330508215689,0.24585578983471462,0.07501488906090517
1005085,13.248534555894759,0.19097835491946155,0.06964620329936327
1000501,13.07978238354012,0.1864050411133609,0.07195526665868134
1004396,14.142975261613097,0.2992368824661459,0.11459094287423331
1001795,13.008639043788891,0.0678899621460719,0.04717719101598622
1003149,12.96615703407459,0.07589804288522843,0.05620384325555369
1002041,12.759904985192554,0.25823618258757586,0.06789829562330137
1016194,13.109890115783587,0.09891585153320501,0.03145889624599008
1016522,12.086951798907839,0.357435919508827,0.2693898710198686
1009850,11.750729420597509,0.11292142578871753,0.04815615629263946
1017392,13.779102418278999,0.1640398378001167,0.06762226216377394
1011542,12.942098366716303,0.21968587949614,0.09614754707411341
1008607,13.127875026527926,0.1430360011967865,0.05155159407155413
1008287,11.463968415210427,0.24695913499333233,0.07528181385841297
1013279,13.172750735845703,0.25277060058883677,0.1047051893401822
1004838,13.79719967855082,0.11577568428410794,0.051674831921930335
1008281,12.960865827289034,0.1324614701877166,0.0649582606584723
1000225,13.246815792862272,0.30873318847688086,0.1302162248803223
1005403,14.104263956701985,0.1567778950202491,0.1656131320573127
1010521,13.191018911209563,0.21460365240041626,0.06332634157922609
1006280,12.527304105066136,0.20015045271923185,0.07141230532551932
1014861,12.795253866191748,0.15965309352674165,0.0321713256884308
1011244,13.790282428422412,0.538875501478677,0.13111074038124235
1005606,12.502053568669838,0.33253162177871837,0.14969805726601695
1013376,12.547622544752558,0.1827371602100217,0.05879629358260729
1012331,12.778716336614211,0.25694286149245776,0.05859783089966808
1012200,11.763159890222878,0.22643980900954766,0.1403560566445907
1015106,13.048807366077494,0.3338703699988341,0.13837833971980285
1003306,13.22159452233746,0.3546413262326605,0.1939467959046981
1001928,12.755158693183468,0.28886210898427467,0.0826696535197407
1004232,12.50946658955766,0.14997070774475124,0.09040227632737094
1013747,12.733977394164821,0.22497260056730442,0.05345444408469119
1005253,12.71613162032497,0.2785205033610363,0.08492880278910293
1017022,12.83503511079392,0.08919194271033962,0.01801926199932076
1009342,13.072733503758712,0.1769083020569042,0.07491360611252602
1007655,13.637407621770775,0.19530843892628147,0.07262212745843669
1009698,12.519592717370784,0.585553748085647,0.28247003900588025
1017311,11.706498410255628,0.17710257589451217,0.03932398405912432
1009243,13.748090326651933,0.2645246798458003,0.08562122882483478
1002823,11.954105142087963,0.30243650205519323,0.11646030562036858
1008009,13.985764825377052,0.22851011213837258,0.06320455962674927
1009120,12.995793055431184,0.21219868906071937,0.04896782326780967
1015994,13.530770784412416,0.08520558678346818,0.05017602487563912
1016947,13.142840144714029,0.24911408201609456,0.14926934658758487
1003121,13.709260696304801,0.09521660588206769,0.009019331685799131
1002150,12.496026728841223,0.2454123577079847,0.11117453690792437
1010328,12.713383693274523,0.08616647324374754,0.030904191792812313
1005537,12.380884637587492,0.1258145716215668,0.02992618957141595
1015065,13.240922521270383,0.13815380380527706,0.06562058788735191
1004289,12.549314221233312,0.12544372286692512,0.056575191295788925
1011304,12.666943798068507,0.2619499710647035,0.12124842270583555
1000963,12.787271983004032,0.23474429349905762,0.10124665641952199
1015137,12.924759563442596,0.25248383373791455,0.0597034244873506
1013430,13.74252930712068,0.23407676305063985,0.08441986211614302
1004773,13.145242709662972,0.3762087182638114,0.08958242285899648
1003974,13.651515425327213,0.3171289745279266,0.155176190856543
1016342,12.24763819040236,0.6856876448022756,0.34796121601964913
1015113,12.664353475947024,0.2817153360183707,0.12087038615931447
1013062,12.71937000822365,0.28608922390816505,0.11701965676145598
1001199,12.578830814463334,0.2555426747138117,0.06615876327764061
1017455,13.451890782950095,0.25964735629998065,0.14631068852804577
1004337,13.077451130868436,0.14156713394971454,0.11126984913586138
1014901,12.781682542094773,0.16377862644314786,0.0792212464441601
1002324,14.072587502373361,0.1704384616155601,0.048225618579168156
1009086,11.747791995673225,0.45606788592985803,0.21550262245919125
1005679,12.877349204204203,0.1357641225612782,0.09477369041940623
1017437,13.504207461268386,0.3243184772754872,0.0866399760305261
1000566,12.788703571845497,0.23520420351546245,0.17137965848251324
1013215,13.472158227075036,0.1434909448558061,0.055771444365786946
1008385,12.951577465196895,0.22086452858923752,0.07485207372950212
1011636,12.253256390380457,0.2053830684275976,0.15082871775246653
1002142,12.847233372367931,0.10292650415871947,0.03672517704398626
1014798,13.37543590276807,0.3453333290544464,0.06192479643687381
1005052,13.107423860973492,0.1676293577381599,0.05969397281276525
1005166,13.065756202766257,0.08919288903968692,0.05349481290437606
1007916,13.045103200811523,0.0669551593016889,0.032117586183637
1004973,13.109243409141243,0.10857079716392667,0.02782388294601624
1002196,12.732640937823346,0.18406129681968958,0.06877653857660371
1004656,13.280068496485995,0.2111482332162039,0.06920226834638234
1009029,12.928482507614332,0.10552538578612633,0.06256907859790063
1010410,12.581496711578943,0.3326485722105555,0.09271202734378253
1003127,13.339649620957118,0.25439583320192244,0.09140648741211604
1006850,12.580835313521641,0.18149795248624404,0.06246571912893301
1007763,12.996579659967688,0.08045729476943556,0.033876828629213776
1009826,13.624459360791672,0.0931521257688608,0.05941010102328676
1010600,13.277075462551498,0.28229980105521707,0.092526910628647
1017260,13.211645099343386,0.22947673428747847,0.09738680435643964
1000679,12.475797930433409,0.5322569778380969,0.15906653745583282
1002112,12.833091527849092,0.10256289201173967,0.048214187414927875
1000905,12.059039234563718,0.1690924743232917,0.13195331339287591
1004062,12.905378279254455,0.11328502529783498,0.057130612923667154
1011761,13.513672222822764,0.6389847822104223,0.1578831785107675
1002519,12.96725683564618,0.12437080836585607,0.06383003594038651
1006246,13.067723138571598,0.16730082731571644,0.06292847549550824
1006981,13.129796073583217,0.06048595829953249,0.03413714290897577
1004804,13.087061417747826,0.07232826291056928,0.020715939380461054
1014668,12.82119126628468,0.08931645312398542,0.038570077347080234
1003082,13.892137599552642,0.10569300286105969,0.04737552008748959
1014172,12.989558312435744,0.6981526352185059,0.14538612341341586
1000988,13.201350036211437,0.08917257879883832,0.04158626152960545
1016805,13.200971169886662,0.11093665721624753,0.05662298928857514
1000220,13.208284816650265,0.06914979117283174,0.042899413849895734
1011743,12.148723705897268,0.23774392984046627,0.1088007229181235
1008660,12.482028562434294,0.340422235005244,0.16046950361967866
1002763,13.970378247578884,0.15067685292801294,0.05802981651481555
1001593,12.966416920942224,0.08532623510498982,0.13188271109633626
1011867,12.781682368500885,0.3158526581062451,0.11143135995884879
1006010,13.495889743215237,0.34673055409224557,0.09982130092762029
1000525,12.917410110135972,0.18502322037587984,0.08185877992077714
1004530,12.564519428223614,0.2660012791245684,0.07233530945912874
1001720,12.562552107148015,0.21843254611591392,0.061598553720005264
1013810,12.424823586454695,0.2772053276257052,0.07970693464083237
1012255,12.615146683802447,0.23128071205069825,0.070455839249739
1001933,12.387719076330074,0.19132824175856195,0.07633348288558942
1001449,12.531188699969244,0.09946211616093867,0.04167776769911234
1004668,13.26321033708958,0.04755294384001424,0.03246628939950302
1006702,13.94832618100977,0.15747594587497615,0.0924310796545287
1009060,13.13283878178438,0.1523351660497285,0.07534835822516245
1016242,13.12047760693983,0.1251375874225112,0.07893423586473061
1016574,12.902388939752521,0.15282199813192193,0.061489229406456354
1009476,13.267929154813237,0.2149551909424817,0.04375622803480508
1002438,13.621944276635064,0.23296734336949979,0.069735408258147
1008895,12.450085929744503,0.1556445127870357,0.07504284549936284
1003763,13.365383212552274,0.2220310805439552,0.09552353916892907
1002922,13.709740741159516,0.1404837715587931,0.10653263542615814
1002580,12.298524260715801,0.25872553459485553,0.07694636885914295
1005398,13.218573481199805,0.22020047795805853,0.18418553370196275
1015615,11.514017469059931,0.16964896134656704,0.08199137229212336
1011615,12.559469808420326,0.24621241241411942,0.15315898251689491
1006345,11.90079751383457,0.23012203444659915,0.10465956520538165
1010972,12.781385537765793,0.1727840429381395,0.08769253159758707
1000239,12.602109082047054,0.3377653497241597,0.25120912080944263
1003835,14.054028411654956,0.0619481560898116,0.04617599454607046
1017350,13.114415410828448,0.25854524117402183,0.10158710374371448
1015928,13.393944737653138,0.1283588536839639,0.05454085763944596
1008145,13.437291951553322,0.10739238296079906,0.03719404932103692
1014895,13.580186295435476,0.163518357693986,0.06542799294528218
1017078,13.168410216613966,0.10564505456964095,0.09362998987212981
1003554,13.704931071578594,0.12428818638453011,0.042056015406770876
1000365,13.598801793397474,0.21425250015462338,0.1583327938208743
1004548,13.037339544447036,0.07453701036301588,0.06195936064755036
1012516,13.429151005839381,0.13875557467952002,0.07935954667657015
1003102,12.591304169346254,0.129666473408976,0.06919559603624223
1005034,12.924858796327342,0.2191088569165882,0.0876701636422346
1015085,13.157346045446305,0.09504416514567735,0.04613427805581694
1012670,13.69973448622867,0.1441552764458516,0.05291351116538703
1004599,12.670612931659013,0.2324299224978783,0.055183674967829985
1008653,13.834407622945287,0.13956501628775284,0.06963168031431588
1000724,13.371898875173947,0.32869582232855266,0.10733999909273961
1004860,12.958141436113015,0.17247954940628535,0.04092537391194676
1013906,13.217434008112864,0.05314068460703131,0.010382891641962617
1013183,11.976451173946726,0.23484164922678158,0.05168936321466065
1010895,13.315587674215578,0.054072488265604055,0.02652510441196574
1000133,13.39469562387716,0.03571553013229341,0.0494661384899391
1012493,13.288160069506935,0.14804981175976126,0.03865958402780057
1011655,12.72375776454129,0.3067455740829248,0.23795841086050437
1003217,12.962134772323594,0.10335417484387273,0.04859620405876942
1001205,12.679808980441736,0.23807770955310897,0.09194151041983516
1010088,11.69934191244509,0.27840841867639227,0.099573442019065
1006164,12.1948168395565,0.5743062269127812,0.23855657748994957
1009398,12.945875301810133,0.08101844840910453,0.028834977598561223
1011020,12.19624946555141,0.2633519421378013,0.152279811753151
1005773,12.037696883010037,0.17714738918413608,0.06343372774878464
1007511,13.165773169458234,0.43309959756840155,0.07822788007473248
1003598,12.643919864411354,0.18486164363288723,0.06762870841565137
1012367,12.444699803085966,0.17625839727937662,0.12929161913853038
1010435,13.195994796839862,0.1779487332076879,0.07128615052610993
1016553,13.253262357201843,0.5390363092816041,0.1188689178207234
1002223,13.194795205810754,0.15853225365708176,0.17319412906939033
1013069,12.97694923333735,0.2878020760361713,0.20051887135240004
1013046,13.216584981631708,0.2008696413895797,0.12453489008669438
1009573,11.990187872525768,0.18522954716412074,0.0591502092886241
1005870,12.65693270901226,0.1915602865115898,0.11330636727171742
1014031,12.178976857212895,0.1369416457321662,0.023240972446739335
1008353,13.67669455292619,0.1701185034049952,0.07040019097544166
1005327,13.279831154227994,0.42073691340914515,0.22628575964205458
1011118,12.825262122308443,0.09124819024243597,0.015944771244692957
1012830,12.603680495950448,0.19032313284803268,0.12165346769443368
1010380,13.927544635098236,0.1030684118821061,0.05339238236762224
1006365,13.084508099199153,0.15480611341222505,0.07121861507856969
1017447,13.489598750659646,0.3124480081512467,0.08021809424426246
1008150,12.840451134641178,0.3548715382710919,0.18424292171105025
1014633,13.177750804133767,0.16855365789920007,0.09033631327560199
1014083,13.726666935749927,0.22895099353415868,0.185316836202465
1005005,12.751222528471589,0.1741586801086607,0.07678822185203343
1002961,12.458705645527417,0.21440604508570688,0.08237285009250433
1006253,13.753141617658656,0.28619619951129865,0.15420319791858372
1017310,12.893250563320992,0.13598104589790397,0.06942180949461098
1016268,13.296338632603048,0.1557897465487767,0.04767578494605773
1007047,13.09601217610976,0.08446329114411973,0.07597407105705126
1005981,12.162141885771929,0.16708272381600642,0.06585660168019226
1001526,14.196597461070839,0.30476422832339556,0.08109823330850488
1003379,12.309952984411725,0.18465129789353824,0.19620786280196542
1001055,13.222826340211881,0.22410292582013883,0.09756090498300288
1007557,12.749620227463467,0.15939164730185013,0.06768439206279102
1011385,12.901181096327283,0.13510603835946042,0.08863408310979308
1015912,13.783095995875449,0.09964268025035292,0.03310191782110677
1011847,12.384599012528094,0.2600595651197929,0.07702686371291982
1001582,13.66441731996866,0.07898438563557018,0.07740393481772964
1000678,13.607370255785268,0.17836235008245724,0.07837885996676415
1000619,12.620980537735552,0.22838467064575357,0.15083193487486665
1001769,12.7837576799608,0.22724730946363286,0.09567858470800908
1010208,13.228923939818793,0.1631575835665094,0.0852162234427214
1017520,12.190259232530716,0.2655448241217465,0.12660355924088126
1017300,14.01274467605451,0.18180835939443135,0.12911945869003766
1009443,12.7542584678259,0.14332080673406566,0.06544000487735939
1009240,13.87636835607929,0.2753258068409531,0.10195181442693116
1011965,11.652048444241279,0.2445218847768916,0.07354860665304677
1006787,13.697926515399564,0.27163048563924186,0.09913687551697388
1003855,13.808630929492224,0.345227492409922,0.06690929187294904
1009433,13.641393389427975,0.1148226357254782,0.0864954227404119
1013795,13.957538002066906,0.2237577706662514,0.16426531530266283
1006457,12.662252665511279,0.11270498808109208,0.056026989377919306
1002240,12.902945416981257,0.14836843867298957,0.0696895039965381
1000634,13.465850866700444,0.2684310051278651,0.1510051303215464
1008319,13.514160267152795,0.3247658655614992,0.17865856227608728
1001585,12.802197795142021,0.24650936800212425,0.07971037497534095
1013918,13.887921527344595,0.2150280864623734,0.08923605900982212
1007553,12.996156255764037,0.1160697495864408,0.07658242239193355
1014438,13.816152325098026,0.22552899425882383,0.053561326337758806
1016961,11.570083218655455,0.2079243895220274,0.06385243377519284
1003400,12.258995546374399,0.0776346086104177,0.025431353240903152
1010740,12.945567560927008,0.21081664021753865,0.14011711240408906
1016592,13.48085493068497,0.28905653973050394,0.0846207586960397
1008904,13.841988135992986,0.16917002911602422,0.050896473651695126
1005368,12.377970923041303,0.3033545806804119,0.1041725006355535
1001659,13.65282825673894,0.27495954678215023,0.1298572329816423
1013377,13.47992571774521,0.10998473953899297,0.02307176683644332
1016226,13.387670135545001,0.25630317544942055,0.1759101150111805
1001353,13.413392287076595,0.08868211527112536,0.017188266525598704
1013668,13.03318255270745,0.11711729483580434,0.08637267577346723
1003480,13.190645093411554,0.33501558665248143,0.23078294672230587
1003387,12.132227186499748,0.2882849047140232,0.09599658325777663
1001389,13.552712177946,0.13665996938674294,0.059532174109654085
1007764,13.478882825067114,0.2780293130366337,0.09737387547723608
1013754,11.999861723800217,0.17197557682492307,0.11484771730954436
1012702,12.639898512879961,0.1661262880811527,0.08192955279943558
1013909,13.169608747894975,0.2715901440847528,0.15060678920856932
1014497,13.28241724020832,0.3255221314301159,0.12608031429979505
1008902,13.87205917408399,0.1302600378158209,0.10261057480044922
1016935,13.148963883947998,0.058048006652390016,0.020069218839401663
1007139,12.501859139569945,0.1352470994052673,0.07307763285183116
1013800,12.45199709616267,0.4041041137715492,0.12882482309531595
1000744,12.41829060062584,0.11568980492999775,0.12492017262769672
1004923,13.776081871043779,0.2567336376764063,0.04530166999704131
1012449,13.407285873718168,0.1738698104227902,0.09089866136918204
1000807,12.786387327179815,0.2623001067985678,0.11825301360068448
1005076,12.15332558925513,0.33623209304711305,0.13242777271077752
1007640,12.710294494605023,0.17226243520812126,0.10396047840897862
1009558,13.237417229187466,0.2280200179127412,0.1380145153119107
1010556,13.851680685175559,0.23860321176752922,0.08199023423023775
1006436,13.244727671263973,0.15114008679675597,0.09884255203022106
1004047,13.126680781640118,0.07964754798310578,0.06738438713593792
1012304,11.420733909851968,0.2304022210791945,0.09658845470659022
1000681,13.40267817411274,0.21151856070604894,0.054667299036196694
1015690,13.286882801193707,0.23954865207559664,0.08768104147213736
1014443,13.59939504989133,0.07507057758048813,0.020416659155975108
1002288,14.231622361751292,0.18554537403089863,0.1184511052992369
1005215,13.576946352751811,0.11280459643415211,0.04070062492835563
1002768,12.822230501136792,0.14231998421245282,0.06500255167785553
1004962,12.587344186828812,0.06494660845946763,0.06402565154520368
1008516,13.600272967948849,0.2831548933124007,0.13865279313340567
1012311,13.182641406046121,0.2208726459190674,0.07741236882376479
1001238,13.546128631677766,0.15429148689399413,0.0645479821615054
1010392,12.82246729658254,0.06954768469840306,0.049675727080762386
1011225,13.079859750757452,0.2710610267405492,0.13749293792788586
1004434,12.421395174903965,0.24442857530585996,0.11694805493996724
1017242,13.26772222603941,0.09414123076700344,0.05243048115082422
1014469,13.201505822102227,0.213317254335176,0.04672439618313752
1004813,13.565459212883551,0.1468013925497363,0.0795619870195981
1005187,13.795300005146991,0.13907452076080562,0.06714293758681146
1011828,12.985454127549572,0.3146319874474953,0.0827788921779015
1007279,12.509271779438038,0.10019900963728949,0.047619263089561874
1015593,13.179892521516676,0.18755934456591822,0.03428817370564246
1001512,13.482103846708041,0.45367414155470465,0.1754381766570559
1000023,13.172442348192957,0.14733629253588273,0.049529430911088315
1010473,12.592301569520039,0.23777831992672638,0.10797833656077749
1007409,13.24967364649491,0.09239504069853037,0.04577285684878918
1011646,13.094838820773083,0.03744117458207397,0.029414372327580294
1004619,13.512948625705464,0.18973705584973663,0.1645772349211818
1003272,12.316583591777503,0.4676887404309271,0.20681425895072472
1007363,13.492988310970963,0.19178079890910907,0.09065354622603615
1012370,12.999891415103782,0.1002029603898866,0.07597237228105237
1006168,13.936552972757218,0.11057636344750635,0.08812417257843187
1004643,13.553565939536476,0.37009128157501753,0.08376161886280271
1009021,13.924345078774003,0.17846878100330738,0.1430001966487987
1011456,12.647149148890112,0.21904674864593304,0.09989618031145885
1011667,13.645102104766716,0.4567005291265727,0.11210355682243758
1011540,13.477559513299504,0.3299190719624996,0.11972647996213157
1000360,12.721524018266814,0.1878171750745773,0.0992494295504573
1000272,13.891240512423623,0.11074244503021373,0.09672140783712044
1011366,13.113917990063252,0.060868841426137334,0.03737404198868305
1007149,12.933720894403967,0.14960913643320803,0.08156408141597495
1014323,13.320739742159432,0.31864165936716915,0.16241594118622438
1000482,13.211352860301568,0.10112347926564161,0.05043752842676432
1000384,12.790455494047901,0.2290452258204318,0.13869762769512745
1016327,13.029685972746865,0.14815132693931396,0.0717474108418794
1017500,13.576581781866045,0.17458325296513555,0.03977769123943367
1012117,12.398911199978793,0.13808328459212568,0.04978076811344552
1013729,13.697469348865772,0.048230038371935506,0.03223183090181797
1013463,13.360267823895208,0.04486756730580105,0.021492389735248918
1013165,12.60865772433727,0.22343962346455531,0.11142048707909226
1004701,12.948816522701556,0.2753734906763034,0.11968035050216058
1002334,12.448719559221333,0.30324838457522174,0.24881723784739823
1014666,12.716415667740526,0.37821145789350247,0.15934762759451804
1008520,13.068699705513781,0.10272868531740836,0.0754619241341493
1016071,12.227838479735288,0.2968402995391284,0.10460747859547638
1017473,13.169759984959564,0.10759017438209355,0.037414192653821156
1003055,13.380756961713837,0.1285499706815733,0.08581321179056946
1008071,12.966939268460356,0.1141045224131871,0.032941561722021936
1008283,12.755982372698332,0.19740404968478886,0.08902585222231571
1003749,13.24168759464544,0.2472002016164561,0.0635870797349492
1014592,13.344320601408258,0.07294363401261315,0.04406599763096792
1011014,13.02499525493141,0.24070475995760515,0.06369897778310332
1007650,13.196755361201484,0.23691601832567685,0.12139034850440118
1016389,12.86142670401487,0.2178400561956376,0.09530725693939551
1007432,13.43257162460524,0.36691465432987985,0.1805389174411398
1002617,12.862720568464264,0.05277657204066489,0.023226678998359528
1004930,11.941412761691522,0.17561730025507666,0.0864948811666306
1011724,12.76248909716792,0.18275258329882382,0.08005005425214559
1007918,12.333459360289865,0.4594224545542658,0.24830164945667305
1002492,12.712539566848044,0.10675102833803281,0.028796173597014252
1015638,13.47378248958647,0.11100897613120288,0.0583410624087177
1005028,12.43987418963976,0.0592367473528028,0.02563348136922515
1000755,12.246562922258313,0.19459061873615865,0.17593016625963517
1016870,12.856317492263337,0.10201885054290648,0.0628510388705504
1007334,11.826156452099976,0.15104624011047127,0.08929817760668596
1004459,12.920344343721625,0.0675154362118295,0.07085701466346478
1011126,12.99540840648948,0.08461786552794875,0.0846224524845224
1001351,12.661919735583725,0.3122753790006546,0.13248616267626911
1010044,12.41355859522599,0.3879760729700382,0.16613782871012336
1006725,12.853110376695133,0.09271835338267503,0.056558893014271965
1002898,13.621578760755247,0.14632858720420852,0.14353919562935025
1007459,13.0758527270038,0.27962899775706673,0.07699340360702765
1012342,12.036792095514542,0.0948480550489795,0.059329188119736746
1009513,12.733116868082316,0.3434978793196223,0.13712929408149083
1008234,13.221521787577423,0.2203534771649877,0.05727916333640293
1000022,13.394323622622247,0.14328595142675093,0.07927714448661136
1006227,13.549805775757653,0.11085035175597162,0.06890306440815916
1006411,12.88978487515593,0.14858765753233477,0.055343456997837936
1008342,12.61426869805654,0.18877282715684865,0.06352842795497395
1008171,13.286371195588465,0.18157773110937508,0.09738545365102765
1000650,13.050137933112852,0.15236910968006565,0.0616064850789536
1012187,11.82497784022065,0.315449859705653,0.14343564770548112
1005483,13.051796171225805,0.13617922947850833,0.10317154278283898
1007611,13.516793812021653,0.06281933614193475,0.04028198871950926
1016536,12.417301096386248,0.2339027074110494,0.10635989924478613
1000915,13.125736405333726,0.16012774828957888,0.05780074497491493
1009744,12.986628946501222,0.42806280079898434,0.2970581461499666
1011401,12.443593105827508,0.18593642744485983,0.09092890516966806
1010779,13.108668054731954,0.361742859234025,0.1055240378399161
1015216,13.142814594287735,0.10121836095249659,0.05476494865080243
1017151,12.265433186294226,0.16323995445912912,0.06390066748173641
1004857,12.055751760380957,0.23346211451030108,0.08985061152374382
1011367,14.109934686327705,0.05930535569094309,0.07334373395521963
1013339,13.449000858345997,0.1394928410249565,0.08439538200544562
1000066,13.810483643974123,0.14519284945050467,0.0393795203858233
1008345,12.902262944110182,0.21587985837893647,0.052347229681579184
1002206,14.027540332323179,0.20691924556017194,0.0678914627151197
1016324,13.017697574807693,0.15377857183311597,0.06794673350315437
1017281,12.486453387359582,0.24753154199861707,0.12142858027115684
1008474,13.164454179581702,0.1432158834703906,0.03624001006489586
1007938,13.177969999631793,0.05019250995440315,0.013431643706467444
1003012,13.520591372628779,0.22827615811511098,0.08256426691796075
1004855,13.344478323183823,0.14146301192367375,0.06734897916569277
1009368,13.807552983308835,0.10595325870419564,0.06903991661217311
1012361,12.585150720474852,0.21171267565455582,0.08330050186318168
1002697,12.689198206013677,0.20325149655955194,0.08970059614753037
1013525,12.10477319511512,0.15639077705385968,0.02795562324016082
1002696,12.586272621373874,0.17658577362442546,0.11587600775414439
1008821,12.884297096213286,0.13559437885763778,0.08625654865823204
1006387,13.21611160933625,0.15070382325481135,0.061794230815545186
1002698,12.733941846595657,0.2393263400058935,0.1156897877534025
1000148,12.465375639603318,0.2541139623944661,0.0743178332561146
1005140,12.98769984441168,0.2615907925445548,0.1100665355482099
1007970,13.885181608319535,0.16033320424155936,0.085571423577542
1007658,12.26000770862838,0.10442553383105795,0.04205797475554759
1014751,13.451063609643974,0.2094684351083565,0.14269777344954807
1007364,13.276438469538682,0.13573971740963958,0.06693475836828544
1014004,12.734796608348889,0.20947673087406066,0.1618754689163092
1008696,12.800726237013162,0.09804112011221143,0.12075996567953687
1003678,12.910441117797888,0.22107018736541464,0.07338209528845314
1015067,13.187073666604341,0.10786853656735435,0.07453050626427649
1003026,13.02918942608702,0.1844575208501665,0.12384168165868042
1016010,14.24825934058426,0.11991903831332068,0.07199633201318638
1007789,13.175249215726105,0.18315546440547847,0.1395400557983334
1016087,12.962847034894375,0.20760136719970834,0.07517989151157908
1013839,12.426016115246968,0.1990820878571913,0.15105997681902675
1016899,12.36219580756237,0.09300763745557261,0.03283350358307591
1015595,11.974779240273458,0.2733158120024434,0.11491330902181829
1016284,12.969302400233703,0.2819196336871459,0.1432970993121802
1007125,13.194388357068933,0.25045114896263265,0.12182226244505452
1006816,12.635277514465395,0.13593501414991915,0.10312710063894195
1000283,13.033782107771016,0.15754900644977496,0.0908333490074777
1011507,12.780835570623617,0.24190401934562827,0.06523047300008852
1016291,11.934388950045758,0.22035778423464852,0.11258071632282576
1007538,13.210954924398173,0.11378091177209138,0.05155476009408023
1013750,13.646559009116508,0.15618819040372264,0.11426259135206414
1005643,13.359886248142871,0.10815847706917148,0.05119354740501135
1006112,13.341922312053537,0.045471152573594534,0.03406711024236275
1000935,11.83191896253262,0.3457264941221733,0.08412147256408449
1009918,12.698035349912844,0.23748285510496575,0.12735839380572503
1002436,12.759376957586387,0.24802861079930938,0.132445291227347
1002485,11.81256169734393,0.20921939391309902,0.11974152588531699
1009424,11.916743240124612,0.38298643388551995,0.13906536389022525
1007444,12.130806118053123,0.19730378433649365,0.07367188596263419
1007542,12.933602266789357,0.2073784733069518,0.09962098444200213
1008991,11.927538312187954,0.30158064168215254,0.19378945013062882
1003056,12.880388224624133,0.140338184382516,0.07482696893206862
1007941,12.99600337924862,0.05413742349832927,0.05504802323711973
1014312,13.035677228518812,0.09762820212763794,0.053255626076631035
1013059,12.862206818547802,0.12336697756921278,0.038246639114061454
1011951,13.676909186456252,0.18156377362177278,0.06722343591074732
1000813,13.183125570909885,0.4768133199956441,0.09344139136985138
1017075,13.01179494280277,0.1107584123723675,0.03379328157791781
1007561,13.070745867653747,0.1515095781948401,0.0819483773694225
1012951,13.116443783553047,0.268980719298399,0.0962504118714696
1010128,13.945281006513431,0.23279512776899672,0.07542713349452239
1012909,13.0296178643878,0.2222018881933808,0.10547457428824765
1000290,13.055728515748285,0.20153122414880775,0.13854679664968378
1005247,13.154317560445769,0.16647654062267497,0.09820148894310808
1006165,13.362893346079517,0.16599482226215562,0.0783019070554518
1015063,13.194084735999654,0.2323556885800464,0.10531384906047296
1016537,13.40117504958587,0.15467105679461635,0.07382625921479191
1003445,12.712094134352185,0.43645308729260357,0.17453019720171611
1016579,12.561690831768464,0.12956061329004895,0.11711860577929588
1008065,12.299172589162424,0.036742360015076116,0.009663077113998476
1015324,13.143447784164282,0.04436133814434962,0.01642905712380925
1004824,11.681504809085943,0.28286974242247703,0.0670164340112743
1004975,12.06320166731053,0.14175301546648653,0.07798581447923654
1000262,13.70400190837695,0.17759999047494393,0.17295405592970636
1001569,13.371582018854076,0.11953157700182455,0.08405418026293453
1003706,13.27078778952293,0.18152625744485942,0.1104346359270039
1009248,12.584022516334583,0.4020451522928669,0.15388827880736738
1001017,12.945321668444285,0.12524014452703222,0.06208686162890113
1013472,13.356795740261369,0.22887479328013413,0.1677574454214178
1009011,12.933777390905517,0.12931199139522195,0.060383822783181655
1006125,13.445077015385662,0.234755554908285,0.10307766518452724
1015679,12.648841661527342,0.2278649942982424,0.09013198791266094
1017338,12.718130180148275,0.42464511856234516,0.11667874396803764
1000643,13.35619066706137,0.15556995022393122,0.07987764773739589
1004003,13.814637345126192,0.2062978146726876,0.08497912788739113
1014180,13.762349645112453,0.18208617599026863,0.06030492960995341
1010189,13.916521712761009,0.06624586834364884,0.039064071810416746
1010159,14.184133995158707,0.14688882615473914,0.0804090246492555
1009269,13.690091570607336,0.13077856023169263,0.081433408551152
1002489,12.737834660489414,0.14276264130786173,0.08556159702976389
1002384,13.410088073756343,0.15759161811042927,0.11988801486235831
1006995,11.982569243771456,0.19529811056436297,0.10326866208075657
1017219,13.712125804132409,0.2423800795433078,0.08271999950483103
1004868,13.399269286639495,0.1424062917911419,0.07183398758826177
1016426,12.763722842096302,0.20594138998467243,0.06901936973702263
1009292,13.228505940851337,0.25213205479055434,0.06898855982207582
1008917,11.860412191089742,0.28054891728511416,0.15222533533892782
1000975,12.479494668214642,0.19061150774621513,0.07786797972213017
1010037,12.819918665936688,0.11461341836940303,0.09563361317122059
1001249,13.745962538714577,0.12174499537008612,0.05238596504955284
1008121,13.169887318408799,0.10680973526649698,0.056813997148467736
1006377,11.57311023846574,0.22468347052121138,0.1336082731237474
1014432,12.486616845728156,0.2783367683893313,0.11012739568871978
1004208,12.468193338578386,0.10100873043829252,0.05507620793766664
1004658,14.05533292476272,0.34201545816196705,0.09638758828133599
1015459,13.010703413927521,0.22837640561325526,0.13709089873636812
1003957,12.868691825050627,0.13434651714397322,0.10069141824004979
1015150,13.368002666036586,0.1905678866497054,0.13307388471132361
1002729,13.111925268673001,0.21668802514127988,0.116623140603415
1003959,12.05621964048914,0.32164606385912187,0.1291585110870779
1001064,13.52845959942229,0.251801564137155,0.11098680659282564
1006208,12.656170860956697,0.2301372073030809,0.17195629121061895
1002992,13.122084259865792,0.15538773806803058,0.041014519374556406
1016568,12.654753419218656,0.10370347925391861,0.05632733565484088
1010500,12.945274658375814,0.07011157032741028,0.04315706650722296
1001397,13.685413633194601,0.17496484496779466,0.09982346464750144
1000727,14.1789959000909,0.31858031446314905,0.11772024624225676
1015045,13.165601474502653,0.14177880030247964,0.08846805173842914
1012279,13.37902073020571,0.08271380119391335,0.03792887877735545
1004479,12.422542074213274,0.2041853718611223,0.07495811228795698
1009430,12.411791582113786,0.13058421651354826,0.05155732493996193
1015877,13.495565967507765,0.22836518505581055,0.13153128400941966
1009374,12.949838415976952,0.16996248244460085,0.04597234567440868
1006367,13.156105876101313,0.1323617846455822,0.10893452948550858
1000435,13.6691997251235,0.18656577256352658,0.15453084927296182
1012803,12.40143490755765,0.2438953470051578,0.1337245949478323
1005513,13.588805151636656,0.13709492332006343,0.10095963573912277
1010406,12.191238508146423,0.05327369228884768,0.0184124591620885
1009455,12.964656582152926,0.12368261293744529,0.053976377146925575
1012441,13.766216526365833,0.08861494055315734,0.06483263867813749
1011440,12.400105479302505,0.22328650160991043,0.07493852470570583
1004588,13.304160104931599,0.10425844000821549,0.06958453576552442
1016118,12.8155733393555,0.05392153413896877,0.03568782496280012
1007534,12.700295571969528,0.17383981079654157,0.0978320629594638
1008553,12.678184773253998,0.12273829075176072,0.07087787147104549
1001267,12.221225582815032,0.2237698038155344,0.1319777449557429
1003836,13.105475812790237,0.11069085543235173,0.08676302502691176
1017470,13.821109316671828,0.18841122035841892,0.05737640512066191
1000571,14.100154465850506,0.11810385359057364,0.0880097342823653
1015231,12.919012566120989,0.11493792420389083,0.024856034928887397
1010912,12.985730001323802,0.341923047875159,0.1987553316362856
1000764,12.0968908197653,0.3075592879530617,0.156082486592778
1008736,13.781934214106071,0.17623800806604228,0.06417476955475025
1015410,13.006395146163783,0.2990859576453334,0.10319847849305287
1014333,12.48424000934257,0.15284354353034219,0.17905104046331433
1016912,13.017047123729228,0.17276538563876964,0.09030934059048285
1014000,12.04565576890083,0.12748638506397333,0.07580908386614071
1012635,13.991554870134053,0.19384515499929406,0.13919120479373284
1014870,14.004019825647193,0.09466945626739835,0.05302906543799389
1006592,12.020259760407754,0.14599444927161276,0.05149376743272847
1000828,12.544810758592908,0.22543077110033038,0.08026124647554213
1003277,12.26384731363857,0.20723529415915992,0.1193071872479998
1017123,13.099180557464956,0.13675994230201546,0.10981449539826121
1002019,13.016031493637179,0.08407364060784007,0.06082771099429591
1006612,13.253792034528944,0.19727793946154798,0.09691085462104768
1009973,13.098708962771251,0.3019344790556626,0.09697815164576566
1006020,12.526317509510697,0.46611792201833163,0.15615300926702785
1016589,13.327839047035997,0.23900479732086727,0.08836453262777569
1012317,13.659701950239374,0.24906587288046578,0.10230314039901309
1000683,12.970885745470047,0.08416883771851953,0.036601252416780305
1013237,13.260351528094823,0.14442798768529752,0.06438091667788491
1010331,12.953709850882651,0.10704949067623486,0.03786131780943953
1010461,12.753473551054611,0.2680599844128974,0.14109304060929292
1011101,11.602111890364279,0.139748981290205,0.07713566011464287
1008905,14.012560338600984,0.1017938478139566,0.028611511055075083
1005799,13.53381866372596,0.11925116676597165,0.06896925007566458
1013099,13.191196476720798,0.07911396112817523,0.06991724702288074
1014167,13.32862344771147,0.12390701109290411,0.05176593182480056
1004013,13.541124228372121,0.11267164542201838,0.05132731927455696
1012018,13.238775651801406,0.14106934169900875,0.05402846614527373
1009145,12.995389068858366,0.10798770291089999,0.07144354907293923
1006793,12.769263373752107,0.24629662570278996,0.13032660240502925
1002936,13.37813159267137,0.08913910683801861,0.0721479936042932
1003805,12.186560266722983,0.1419589275540979,0.06300346248585768
1004300,13.96621811393979,0.20175606564323242,0.11092211246689102
1007813,13.254768956789002,0.11026831363242792,0.028898633541630116
1001855,12.201382682228079,0.2645430191529968,0.08224946060050788
1006510,13.749718988160273,0.13387169737825846,0.07096403128738495
1013609,12.335302920878974,0.2864346405352022,0.07724753030959272
1004721,13.42653493673714,0.45651973386761835,0.1214357498847399
1007589,11.605712325176096,0.2445456044170322,0.07005712134179208
1001018,13.297992468374106,0.11702322835652842,0.10588913507855369
1010990,13.328929208563817,0.12277609308946237,0.0647853847245654
1002366,12.550551091285358,0.16509683527094562,0.07529359917405637
1014551,13.069014295134416,0.07928546239696213,0.03756309476686632
1004684,12.197239763245763,0.11387597122355896,0.04518427384634143
1010349,12.490617211047654,0.1884564517821856,0.09015694256536573
1000278,12.60703157339485,0.07794193687449125,0.05027621242368115
1008224,12.0321076369948,0.11977693080949803,0.057641382006682174
1003812,12.680999765079335,0.4653505638182459,0.1528509559975033
1009082,13.366166166824273,0.13398833967320234,0.07144555609626878
1000738,12.18020680173158,0.21589519579606187,0.06234278429921729
1012980,12.979694743963023,0.22838031198758718,0.07055265845996438
1007475,13.916085107676714,0.21769197451318653,0.11835092980954583
1016310,12.078278795916694,0.2155426208335157,0.0887688427583101
1016796,12.781188440339513,0.2702882661675394,0.10077400442661355
1010036,12.767736957881992,0.09806707259098378,0.060378566919013235
1013566,12.573239166425635,0.46110441322627377,0.17849222772993256
1005336,13.801114357681424,0.10810681210256458,0.029844509834267372
1007712,12.79858471919404,0.08750940554881703,0.02566560492694735
1013573,13.999495135331856,0.05600100826866163,0.03521806378334418
1003641,11.765034777450971,0.17372124340661113,0.07031861214521927
1011182,14.011005357111587,0.13064251145435515,0.062185401873964305
1015198,12.706072909287824,0.2348030478684059,0.17193720726240663
1007951,13.547219831116877,0.11608949150136415,0.114779374368132
1010520,13.559192842409075,0.1059064521784386,0.06994723087417669
1015484,13.368011986656962,0.20323635309834898,0.08014027521452305
1014783,12.8915984325931,0.14820576764530477,0.07054793138127519
1005874,12.97047208223818,0.12093771697376274,0.05821201621687371
1010700,12.365141794524542,0.25737116290938017,0.12861012683838857
1016102,12.864649842840546,0.31897893230148916,0.08890731428418815
1001511,12.536454479000689,0.3682977442258234,0.1958359004155104
1006660,12.114626584006805,0.2807556157202104,0.116297241657955
1010045,13.179653692218906,0.05422300359471779,0.03488064149926782
1005051,11.655935610268493,0.2755028253574483,0.11518885828105045
1017395,12.99145828576429,0.2641639136184572,0.12044266924892942
1011091,12.95529027762845,0.13950664170039304,0.1295867273387252
1003754,13.395608406370059,0.3726117465624212,0.07795804298588861
1014005,12.865909424179996,0.2165396503402487,0.09374348448286779
1015619,12.41272279888268,0.22486607004793577,0.056333802025335424
1017194,12.561643720028185,0.1528802412488256,0.14735342689645353
1008716,13.013892422630468,0.419937098024118,0.1774403831978881
1003418,13.083646642660833,0.06859045059963588,0.07643756717613684
1005880,13.285130171773307,0.24749884616547813,0.09703988945044312
1016973,12.920624646597464,0.4469578365627725,0.09154584493215334
1000247,13.85492998430162,0.11619316593067572,0.08141781543153573
1016320,13.876448175883334,0.16778717812787847,0.04112266498473766
1010363,13.002339601085076,0.08306064883587946,0.0007869045373120998
1011946,12.140444524552782,0.37316872577909477,0.16027568999672787
1000844,12.467655673323712,0.14204359008993686,0.013978205314655927
1014998,13.558605882386923,0.20793111970671505,0.04303740221537056
1001381,14.064556020237017,0.08204463233330471,0.09405722178370085
1003043,13.213825027748523,0.15752571754328956,0.1006768302462541
1008479,13.46896456836778,0.12130979312992991,0.03997021004850887
1008033,12.592396243357257,0.4443867553731712,0.2694564873884104
1004246,12.87699366641429,0.28867318225705474,0.07572215691377429
1005699,13.688948404450246,0.18679953467723362,0.0901308024396984
1010254,13.019551921987134,0.16165691022611647,0.040704195006405576
1004428,13.393690284408613,0.32782967597207885,0.22941128552181234
1007889,12.625551794879977,0.2362870358134867,0.14385689915744942
1016193,12.028359730906194,0.2265402257658598,0.16178439792163696
1015606,12.070711593807513,0.3849950228117588,0.1364404728306327
1012722,13.542999076333048,0.3084687375353246,0.1037166386300021
1007397,12.798420606345182,0.22257816666750532,0.11878283682838923
1006810,11.897972727268847,0.5407562500095977,0.06697627608543642
1004971,12.018483897463087,0.21944558118766144,0.09271117910037302
1005235,12.72495910150029,0.09902657770477664,0.07087355845982884
1014897,13.638506998959443,0.15755008348000935,0.0738009789837404
1007946,13.43576025092114,0.08672619426174137,0.0508163996017989
1011280,12.918088033609902,0.19616243196486344,0.10405357893685545
1008382,13.988711664249289,0.31193263267911175,0.1315543741590772
1001574,13.90545770093167,0.2792437817787366,0.13526129743773563
1003078,13.460079401313898,0.14199371113799367,0.11056719645742355
1016355,12.975468148234082,0.08140374779647862,0.05056309051669269
1007521,13.032124942413919,0.12537262926147255,0.061851035758759706
1013821,12.715639915596078,0.2676422045353723,0.05203639914235632
1005943,12.184007314962658,0.190117477289165,0.08427614330170465
1003316,14.065526191455886,0.2082376090839346,0.1040818224957331
1004677,13.996015969052293,0.22825135811522348,0.07274722011776971
1004630,13.310544498609095,0.13941517243376803,0.07499105813383668
1004129,12.902156557287308,0.06974007071800757,0.05784393644437579
1002461,12.785506642281318,0.12958720614415697,0.04021975604652062
1015254,13.083869639815854,0.1727734458216449,0.06018376517948774
1000741,13.661576394998418,0.07066866611855618,0.05296135153414778
1015224,12.876373961654656,0.21787522650383948,0.05306735450635923
1015921,12.802145724511945,0.2049510866803143,0.10162796187460228
1015131,13.041883895184123,0.09379570847592958,0.0354769367777069
1011514,12.372656163419178,0.32196955782774783,0.10231057922598584
1014544,13.762280374617362,0.22433151646759478,0.046598090119328424
1009688,13.009211934122362,0.19908809302538744,0.08078720013017292
1014253,11.890781451692146,0.14423233503258037,0.06377966363697077
1007445,12.876189018530422,0.12292405023284163,0.06027840417281194
1004686,13.724213573576638,0.23564216954046782,0.12081195611521033
1014414,12.593696792666472,0.29354756457981207,0.14725997711347247
1013030,13.705765511991677,0.12455710499965741,0.054483117259698254
1005698,12.350678517091339,0.05818843328491979,0.0527142859090789
1004281,13.025171842978326,0.039114742261284405,0.024710536708817274
1015851,14.00350036513543,0.12931128442172854,0.06090533453357384
1004143,11.859790992304772,0.19553203178094472,0.15981611261379278
1006220,12.905533118841129,0.09606028637968946,0.044330052421383145
1001271,12.866052575810242,0.20026493491100503,0.13763045160403262
1013997,13.921643312463518,0.15246497029373932,0.08985352422526068
1015691,12.54437942715011,0.20356795620196008,0.09650691763275687
1012749,13.55290189179011,0.1765121658467924,0.15091266580097043
1006950,12.872526711898706,0.05800154519499886,0.03711954515331017
1007999,12.019437658540399,0.26366854299909576,0.1660027159866636
1013808,13.234589935974553,0.21448072398461712,0.2797027053202142
1002816,13.551460794924633,0.17054583820969973,0.05391021289782285
1005517,13.178303882704263,0.15396629310678694,0.06742369717413221
1009304,13.174952782097133,0.15548982417231774,0.06354766211906061
1010829,12.821223051069863,0.08060815281744499,0.03976610008131186
1008534,12.625843299151995,0.06388199110352297,0.03363113928070265
1011361,12.908591641584984,0.1702916245106438,0.04872086283552845
1007423,12.442449017791986,0.4391188169046939,0.12239526021778381
1007966,13.079553977097994,0.14484356506252336,0.11823976310166164
1009444,13.706254954148596,0.11739618534394729,0.07871070449365118
1007912,13.626560609846331,0.17944675363635768,0.07809729787397866
1000923,12.701972371689047,0.1920100325570456,0.08087339903282664
1004775,12.830265800647545,0.11873593811618044,0.06192076326455141
1010013,13.565735038181922,0.16705439709949732,0.06748182804223155
1016333,13.043322259431214,0.14746416619827357,0.10481120593228174
1010223,13.940638993436597,0.24815233335419695,0.1224793323678386
1006294,12.95932915530833,0.09371568927625452,0.03119720669060908
1005186,13.69107352394829,0.19064873681379926,0.16411294786459654
1001578,13.009204939566935,0.24126859038888418,0.06719258254666537
1001940,12.896250611614052,0.10944745550059486,0.03556832016568333
1010303,13.589602690059523,0.41894840660561417,0.11177411863539734
1007892,13.279966372571007,0.3576701513651441,0.07138544154546157
1010306,13.907796441914838,0.05851206133370504,0.023475493790830023
1017107,12.942572856342311,0.1425938723257987,0.07014714877438868
1005567,13.299977487422215,0.14262924550998618,0.06428533331644143
1000471,11.824091106619269,0.17252928551952854,0.09350029315505787
1016449,13.044465226729699,0.03997375747446948,0.05580283339577167
1015086,13.585336052381185,0.12223680245640725,0.0697722273000436
1009612,12.237577670898437,0.15410982861759662,0.0963426526200609
1006482,12.993790047180205,0.11416164663181554,0.05119553284768017
1017479,13.593450883093704,0.12772424919421416,0.0458583658840832
1009696,12.922293885949411,0.3430080343461676,0.1951608451129015
1013634,13.384317037968131,0.034653360781836264,0.024547855712304445
1012890,13.689125142066253,0.19374256851255117,0.06163736249510443
1012173,12.706167164747097,0.2762770884783633,0.17672148026222506
1001448,13.654612096241648,0.10155272782463111,0.045351449279948546
1002317,12.608576685735505,0.18633035496220282,0.11765517241787955
1015180,12.972427894077171,0.18263185994034004,0.06363572558862114
1007428,12.395303990095266,0.3254343282056701,0.14626861065655217
1003535,13.46967513249897,0.19940755582737424,0.056011285399480845
1009550,12.692697314780405,0.14654519378198672,0.056312585737249364
1004159,12.351492566820777,0.270525719899925,0.09042717112082775
1000577,12.45384585860694,0.2806710691962914,0.10089776221520519
1011424,11.637703747159534,0.17097029021673266,0.04906415906759263
1002293,11.822715072028636,0.2510395165829087,0.08646890108883463
1002881,12.115340643506359,0.1759220707691602,0.07333112314453614
1003042,12.876359517028538,0.21689964158750394,0.11562301318951347
1008270,13.203273876745367,0.09427642668007688,0.045801219112983266
1017463,13.988491893154132,0.13310309127870054,0.036929542888759284
1004622,13.367931744867509,0.21738144861834136,0.15837020428134166
1012087,13.932577316249722,0.19636287720226717,0.07949428831873113
1003721,12.927792841091005,0.2632897309726335,0.18602144633841375
1015304,12.605972838023641,0.16949131488518315,0.07905146384767435
1005396,12.950317729396925,0.12073095033816489,0.08635958396682379
1006636,13.700659864524766,0.18179431004019067,0.09640540245604345
1013855,14.113629005955827,0.17564253195805538,0.12728468610236784
1008430,13.23879333929407,0.26319267747884134,0.12161597469171637
1008589,13.01652463403815,0.14054292701432955,0.061406546221558604
1007297,12.79748268051056,0.09281860566821445,0.03401558342010591
1012411,12.381422320722452,0.31811965579393386,0.16473538814323613
1015911,12.789622536524242,0.40137872228260146,0.12148128194605147
1012528,11.490877125609186,0.23039774139851837,0.0655368310507192
1010684,13.401305208945827,0.1408445434439589,0.1522652069787235
1003826,13.1835237275452,0.2579724081723405,0.05640866404954041
1011926,13.654073393150357,0.3277580433692174,0.07418029882201758
1006264,13.011815332194272,0.585810748548484,0.20960954737010726
1001445,13.610852174257708,0.20931191881598094,0.08346834680001709
1016238,12.599366937438125,0.21022303986709748,0.06973044263399443
1012278,13.070669748592849,0.3838910777009887,0.10821443795555272
1005765,13.735293617846338,0.239905903284508,0.10476575918836613
1011063,12.940991334089247,0.4192725769394737,0.1291157629416709
1008668,13.33754141921483,0.15403500153606162,0.04484937808863852
1001531,13.008235080347786,0.21191006183517463,0.09111631795833741
1002425,12.780367385216726,0.20710233152089114,0.10029392597690116
1009904,12.215273861946914,0.3367100746065661,0.1285902579372282
1009580,13.460291593426442,0.03568628531439665,0.03952757576727208
1016410,13.277324427941453,0.07902764778255163,0.03887821046794753
1010479,12.064176643855967,0.2250868953518069,0.10928343980733622
1001156,11.347714582579414,0.2605994245404083,0.09600194395420628
1011638,12.54699407216986,0.07885518647483464,0.03326265499645539
1013100,12.347178606564228,0.08990233622527627,0.057198527259576824
1010146,11.954159083928184,0.12023083923650438,0.07386826502835678
1000349,13.388088061298367,0.27067510829215974,0.09350289918947673
1002820,13.05124967275845,0.05725252300671148,0.050587415089784586
1005875,12.97132233306312,0.08651631020351844,0.029905727089185843
1003219,13.782955436458167,0.11118950732046738,0.10108197906670542
1007877,12.245992142635734,0.27441072139897693,0.1633536804335295
1013884,11.990032632018952,0.2617116558395982,0.12151671024740683
1005325,13.517991504502355,0.35169854566041736,0.11399944858593838
1001241,12.990622030763141,0.09818539235477475,0.04796106185682188
1001886,13.637783613218332,0.18886602281710677,0.05060661835481938
1012661,12.53058646584011,0.14422622135394145,0.08218169397654862
1015217,13.544049662493132,0.41118797716804767,0.04417917520114606
1011572,12.265284496077873,0.34288650808923055,0.10130150944644098
1005102,12.870276507659684,0.048206446191935926,0.02639147119718659
1009909,12.682111201814806,0.2552601445592045,0.13991196905327766
1010094,11.879684415948676,0.24311756484644884,0.13142661071758754
1006960,12.11968870220201,0.1806394337357812,0.042014978960036406
1004398,13.633862135657566,0.15282317131737558,0.058339572170210116
1013206,12.065844190190395,0.2681025067353009,0.08991647930232724
1000395,12.4287178213702,0.13566855930508753,0.11397197237091897
1008813,14.087867460427212,0.3546854777394135,0.08592653183332537
1003393,12.679570654667845,0.3471324960404456,0.1407798325253389
1010454,13.895058302582951,0.07074129573005193,0.08194686287017959
1004810,13.271207722447423,0.1737253919909066,0.10435209829501506
1013208,12.895072160553587,0.3046580121530167,0.14955119883851203
1000078,13.00361499220654,0.11558580915106428,0.025490016128011505
1001432,13.013985666143286,0.15445336887849734,0.02814843588153446
1015695,13.813662546113607,0.20309441421182622,0.07509232003199526
1015933,13.0672424436339,0.27254872801884295,0.1647358399992166
1003507,11.922295112401464,0.32023644643275767,0.16160777275831606
1006304,12.966644209750712,0.12483273538811254,0.05209391082249498
1013330,13.108878370239937,0.21977377612091661,0.17490434208218505
1013405,12.73542045475232,0.2027852501043169,0.06326193721631974
1004560,13.41101104450424,0.19530755643480627,0.10003940350797189
1012358,13.181017351309297,0.14167962108904547,0.044180142432781525
1005852,13.900453651553649,0.10032228828320412,0.0497638011270873
1010243,13.011119849690735,0.06452612270483571,0.04828350949746415
1016312,11.674411223714309,0.30846463239724886,0.20288816261555143
1011278,13.41699710599002,0.26230991500290896,0.0813914435385239
1002231,11.911726068670763,0.12982719469552323,0.06368639670088672
1005589,14.034172930400016,0.1827735181008774,0.0201190087251635
1003378,11.740093173840345,0.35424903334437363,0.10965403421042967
1013074,13.98976319546939,0.0671887325870699,0.041361996857083694
1013402,12.398489542849841,0.2497786540171674,0.11358528299186633
1017045,13.393344061011108,0.09939884171835875,0.034259048607940434
1001547,12.409486510120617,0.382324567495028,0.14754438717146257
1004864,12.376597326874197,0.26630259803987755,0.09684898680587939
1016951,12.473462570622324,0.20025383159513,0.06010556345350581
1008755,13.86745661734277,0.12491652786959975,0.04293288284718143
1002236,12.242369096899884,0.22488888779325333,0.09026876950770446
1003270,12.719435997852665,0.23635828467755265,0.06931197573442989
1011415,13.975750681175604,0.05009571830054567,0.01834473969000545
1003546,14.0515215284726,0.13361376350585372,0.04850770001526596
1015552,11.929049824652395,0.15519112893500484,0.08435070037547059
1011154,13.70617560713359,0.2683885980388991,0.0760471402396045
1014946,12.966300225137763,0.10061789870583243,0.051902869760646904
1005933,13.11968814109767,0.3684515770575575,0.09780464657915938
1001976,13.023491610052035,0.13957444325655727,0.09742299053979915
1016256,13.743267489061076,0.11144100420280455,0.060091431129875306
1006915,13.131727129296772,0.11819788572869915,0.07821546904964782
1000268,12.769648101906517,0.3128552259674785,0.08947476016541171
1013389,12.871044905753305,0.1394883816680922,0.011247322822656721
1013029,13.66193478868685,0.16519144096519245,0.06850245770602068
1001244,13.265144680947008,0.06835475897457986,0.03262037054531706
1017067,13.549150965110641,0.2829038372544186,0.07294625289453512
1008898,12.883235024322676,0.09688959470505924,0.07640489968844147
1016231,12.40473078049471,0.4253824247407202,0.2140345521809534
1003637,12.955462373377044,0.2471397044158491,0.163186966466211
1015059,13.329875369971887,0.08394812755332051,0.04054948225925771
1002521,13.486742594653421,0.18534984616180625,0.09432266560010419
1004720,12.69152614028656,0.3664020862384424,0.12146215834195115
1003003,12.95913372604681,0.2962195352749914,0.22401165335176493
1017443,13.260736293074233,0.17647828658636844,0.14451495864220298
1017031,12.491810109024932,0.14619582365023256,0.053596111837775476
1009761,14.098805177468957,0.2550457781299571,0.09415829775077035
1015479,12.145212835010636,0.21238241434330432,0.11556176998260934
1016701,13.32806572032651,0.23480902634732712,0.08201709275906416
1008262,12.726925988363803,0.16662557630741578,0.06704761376400353
1000835,13.812237214026004,0.13532552901252837,0.0786573530199524
1012886,13.501154660487048,0.32307832513225293,0.12457065520072924
1008310,13.38570280508065,0.12198863340109228,0.05788891070205204
1010255,13.211407879308254,0.10532031568841228,0.05212454132747179
1001516,13.335418912006949,0.24276579697563716,0.05329545760912734
1014812,12.48757498478699,0.0921864673048154,0.0417274053362402
1015189,13.171201878569358,0.12692902850833243,0.04889879017949806
1013424,13.75821608536389,0.12588937010921478,0.06686835066820543
1017238,12.495492144841714,0.27548915435922755,0.0855209628400005
1011383,12.687069977575211,0.5853205295299669,0.1602648120836389
1016971,12.895664447261435,0.22939568399538574,0.062445482831999966
1016363,12.96401709616597,0.10289170655942946,0.06779640752580882
1015873,13.63783836569612,0.17951862408143598,0.14591412875155357
1011137,12.1922462854549,0.2658407723799314,0.10439761148736533
1009667,13.220010206406167,0.11292309509540083,0.04827873562977278
1008769,12.173488281810872,0.2167757231304377,0.07991898505957844
1010089,13.414463971953703,0.11593810545818653,0.0307437721093384
1002445,13.815375010276242,0.3686614696586372,0.1382148899192876
1016972,13.13448665947062,0.21958748176694093,0.11343675558565258
1010802,12.411664219683654,0.2150830013936333,0.09443519484533663
1011436,13.957807139337035,0.13073533000490337,0.055121986463855646
1015262,12.574607734105788,0.17179190750251483,0.1115324506041841
1009786,12.74159113346505,0.08408757507945895,0.04921158012122181
1011845,12.653889455038511,0.28210670948777555,0.11176371301588467
1011806,13.264101466476534,0.20810659974349108,0.06902734012154246
1003101,13.152926197183442,0.19041043623340817,0.07690212310459406
1008272,13.40061736501638,0.21145732920922947,0.11769017414347431
1009242,12.939241925496413,0.12260738414878328,0.04537182634119959
1017388,13.384622319475957,0.06678048520856537,0.03708065415678539
1010135,11.911638944764908,0.16476226064200752,0.09780660054264208
1009622,13.094178009858359,0.249813658437189,0.16628574192216464
1014906,13.3861611390321,0.16303235086370663,0.16376727416803877
1012112,11.981450845113605,0.15457198045335005,0.08577956144271849
1005868,12.64167482319115,0.19313510065588133,0.08029227694047225
1012125,12.188591936182336,0.20260149408447875,0.11731190787083837
1005958,12.881140807405442,0.05689335138957187,0.04287250146998345
1017444,12.816222531009865,0.11606043038923153,0.07257867954850349
1005678,11.80857579530462,0.22390355182114238,0.08295675056392955
1011079,13.57272146981218,0.3532067438842661,0.1543230346031192
1015115,13.142434021678508,0.42659369702266375,0.15605025171174666
1002340,12.284870316436079,0.1792610188762221,0.12205176535321194
1011167,13.078008344303356,0.3858569544297182,0.1836666161812301
1009592,12.888157670188887,0.11118488683357915,0.054033828020769184
1011599,12.747335928274136,0.3363964996627188,0.1358211439608971
1000437,12.294047987409703,0.131647534472774,0.0573245839683193
1012471,13.314667064798432,0.07919340272230702,0.05393886392085188
1009721,12.90312837676286,0.4589539304014359,0.14402869734301943
1009156,13.305145324129345,0.2579034397241387,0.0818431151389833
1009986,13.76709105727475,0.2159198317392179,0.09559450146395566
1016005,13.21123165252454,0.13056588890807955,0.07396250380535117
1009766,12.15312402061815,0.2299281449035593,0.07827852092156408
1009216,13.399194605690925,0.28288732555529705,0.07843694350249042
1004356,12.319494264964527,0.14725820803946751,0.07070839195246
1001888,12.023145680520065,0.2005513402791212,0.06654152948827996
1007383,13.68745907931705,0.30807515750050346,0.08334701468547542
1010337,13.708968327664886,0.12174153898227295,0.11475044352921074
1001936,12.811665860150098,0.1074159346752971,0.10101173901529734
1005546,12.145835145693605,0.17162719799504003,0.08772544993852227
1006466,13.155875500613122,0.07790516216070605,0.061053172577049966
1010868,13.641943755640328,0.3761071290134479,0.14475794450639207
1014922,12.200752313747023,0.08938146421683926,0.013987254734092212
1008686,13.464062618166404,0.11437803000120471,0.04254650901651296
1003034,14.107327807057871,0.10111379482270556,0.07793654411991076
1002061,11.772101626834376,0.24061300094832794,0.07440092601524392
1000887,13.374438896328293,0.08413309534779131,0.07047976533761717
1011860,13.33996995917151,0.30472855438915547,0.1357839789035677
1010807,13.555527785824786,0.18448173677179408,0.09757368853065518
1001895,12.58328630191455,0.14701108388214223,0.08141191666338865
1016186,12.951951036504221,0.08659991868927669,0.06251539307169954
1009926,12.836563979684698,0.25751393053080185,0.09326316075155935
1011157,12.780491393124757,0.16907985942236176,0.145354581436137
1009875,13.168824779486608,0.09758479063424258,0.051574772628989435
1007859,13.905376059003283,0.08160027573189554,0.055274510505900556
1005138,11.667192403763698,0.22880067543966986,0.057620961129551805
1012632,12.355809930575083,0.1559084997574427,0.07726711519065234
1009701,11.4332539619407,0.1641648545538684,0.054694368787985975
1011858,11.496929036846828,0.2310064389119351,0.11129337808306702
1003711,12.980492040890775,0.2013820060609589,0.10001209567278675
1005206,12.51960287198746,0.2360903932722109,0.07466586850570937
1009113,12.739445817040435,0.11462724234439525,0.028456528062046665
1005872,13.264167574925638,0.24361116417565984,0.11066196012815126
1014246,13.863615778443753,0.09170830773158893,0.08791912086339687
1007936,13.235597258178661,0.16825995473844774,0.08130157469897248
1003979,13.531892233401331,0.30141147505741206,0.05458494590037522
1016095,12.889132112614593,0.19162720845516348,0.051221996232518135
1010061,11.710162669582228,0.2571138162195128,0.10084201392234284
1005640,13.78481598176036,0.27054439938729946,0.14832156008132752
1015171,13.312056624305825,0.15627562561845484,0.2122989273063005
1006140,13.808580554928495,0.2988479979416455,0.09908719771036711
1016905,13.989679266321527,0.16747343049344915,0.08215607049666898
1016190,11.878216643182688,0.2715907042307603,0.17412850046859984
1000891,12.850340702962988,0.2896285179459118,0.10871093746296755
1002256,13.946351545386335,0.1472361677354507,0.06881552770335961
1005736,13.427735146600698,0.223266645859157,0.15032004201158344
1001573,14.029205772964668,0.18391991931648288,0.0530141864263971
1009877,14.075768731235353,0.18787670913276872,0.12949282269431683
1014803,13.468172620747263,0.16019592974628183,0.03955338090957364
1010971,13.83957784781091,0.2756813041351699,0.08083364293807697
1002852,13.2445502140621,0.1856900678050344,0.06829964245624547
1009561,13.841589106624912,0.33506177201829346,0.05893696842402919
1007054,13.972325234407803,0.14881553693557556,0.05032668104913875
1009122,12.806658889940836,0.1259571974094131,0.0790021211413029
1016423,13.348647425074864,0.1084357539846531,0.08917092394628444
1011417,11.969490787538007,0.08630425143636974,0.07041168447617709
1006856,13.788289553628013,0.1435362919614762,0.048791691356269304
1016319,13.141608704893478,0.15306712440717302,0.12653524992928253
1007851,13.678470600941235,0.1622603358030873,0.06716938485633532
1005106,12.812460929616837,0.2824155820588948,0.1418797570688001
1005723,12.628892369752796,0.22822910688061393,0.1922971551444669
1002788,13.15534240336014,0.38957319993452216,0.11073057977814516
1014250,12.938676993057664,0.07344437857905907,0.051906221979816695
1004112,14.08146329080431,0.3000937343303116,0.09625123684342658
1011984,11.847696496113798,0.30247924050199093,0.13062330362665292
1008215,12.208146192468176,0.08794683473692003,0.05442882899203619
1001789,13.949545608000095,0.11458364399953143,0.0721668840375488
1005846,12.181782111121871,0.34909551684859624,0.138526095153324
1003793,13.150313939810447,0.22021412193731596,0.14792866202677496
1014079,13.968362911877886,0.22714938511270386,0.13332890778074405
1000742,11.907916647693877,0.4457370888172503,0.131451175428018
1006197,13.458975958799732,0.03249954718328466,0.020978134746065982
1014628,13.191343658857553,0.1635747678413373,0.09078564228179734
1004610,13.294167852901433,0.11860202504325013,0.043513576706601526
1017169,13.16770040073289,0.11601385220905275,0.08529598109664945
1011250,12.358732184931062,0.26708546054788396,0.10663915847125895
1007391,13.81905287333855,0.1270744223855256,0.09524103148241281
1011443,12.201306538627668,0.16177997164599744,0.12012040310104903
1015409,13.911506913109529,0.09944492077940126,0.029438237141093553
1007468,14.103719370176218,0.11737489195508212,0.10477114968115298
1011050,12.449209876607242,0.3021294830517304,0.10061656064401311
1001584,13.321664561168177,0.13836890654242956,0.05278263502000063
1007187,13.25068555333795,0.3037095844099643,0.10908153727026686
1016819,13.435106857881266,0.10458603485168247,0.0385507139167813
1000025,12.57316004113725,0.3611052780603338,0.39111550316798727
1012982,12.893463697926466,0.11616364327633558,0.08876080595782325
1001236,13.88127386076893,0.0779501216120679,0.06172309788732119
1012708,13.770837619486427,0.18675463486779353,0.05634139027172649
1004536,13.795496112050914,0.3703564801370985,0.19244367998271192
1001921,13.232157167675755,0.1496896883749523,0.10939887615583221
1005497,13.04101196743173,0.33505691184210523,0.1319989555112576
1006400,13.107538023257284,0.2029509688862939,0.054825553717850514
1015108,13.002767339480553,0.127894147140445,0.07053285007972789
1006393,13.719594254984068,0.19030194148971674,0.09208947700081821
1003258,12.844866291903251,0.2207295939372774,0.11720592808160564
1016023,13.22709649193807,0.12820765249093968,0.07863772343961124
1007275,13.107804965328762,0.22584824245331472,0.10474813694082141
1001825,13.417848475028228,0.1470885975798363,0.11183533192725258
1007032,12.716149428698879,0.30136801055859996,0.15309794178639294
1010386,13.918368336776325,0.12475173220116496,0.16195084877074292
1004534,12.949927547674976,0.09138103276324476,0.06695481699902867
1002681,13.321997109555191,0.11130044913198787,0.07783450493517743
1001107,13.413108548957878,0.40414768459802725,0.11166637028027604
1013104,11.943660240648912,0.2633136803037955,0.09187289778156887
1002794,13.092513493826281,0.22717314756902748,0.08787888324392014
1006356,13.141481590775186,0.18438292211498541,0.10417560614540966
1008465,12.270453403579957,0.17337052064239578,0.10526524998208733
1007329,13.268309638698419,0.28696179111475134,0.10662285397261882
1016949,12.73948942656066,0.07576735327086102,0.07128757495235762
1011652,13.959764081122934,0.20831808960568657,0.05585438296597332
1012459,13.421304527921226,0.11154879920067694,0.07144355754858893
1003049,13.679769227283122,0.23340840910040692,0.13982830907766236
1010126,13.271074503130498,0.2597201211097966,0.20498320346728563
1012349,13.62656516536726,0.18816613869915727,0.09159742807086978
1005333,13.338534187030236,0.08043035710725897,0.024948387783047688
1003052,12.67665527902569,0.16132928618121706,0.12984282808677952
1016505,12.41584366669195,0.25733128412627754,0.07560723794144725
1017001,12.182590510180196,0.13003348956301966,0.04304710736362633
1009254,13.130339955453382,0.2592513359453086,0.18341834248184544
1002565,12.162318293053476,0.21057208842229305,0.11864064033216631
1006107,12.238879848002744,0.2670616169112696,0.16889356835614505
1010123,13.481046353101659,0.09215322821749881,0.028419092592102027
1003080,13.224122565733035,0.13269961777744016,0.07132660540199698
1001540,13.268786547061241,0.18504767703111938,0.0914116649011301
1002032,13.807338415159709,0.14993255550462856,0.09477135242153838
1011468,13.387207784073684,0.08844202663337704,0.0412324739483431
1000886,13.104891589247407,0.17641039364694136,0.07463928733993173
1013111,13.518076673412963,0.24844607705595095,0.10637611913642692
1014215,11.798477029361964,0.3813782549187853,0.1925710453704623
1011387,13.835895415813681,0.24361425974947004,0.0990968524394716
1001455,12.885299184671142,0.11455284217913189,0.05112444904818906
1014852,13.67769234892156,0.28425972180889364,0.12215526154755735
1016542,12.455120499404401,0.27027072473288144,0.11818314356612833
1007063,13.059320835868784,0.15642874049910868,0.09017636288751908
1004561,12.890720676787643,0.19879061755454994,0.10769363181563833
1017328,12.719001359412275,0.13838852417400124,0.057313112759664595
1001962,13.144159611132816,0.121067076725834,0.024161311537644076
1007932,12.882044621551538,0.197160107285283,0.08026727540920918
1003897,13.930078783475402,0.09542956852477984,0.08921030826535481
1013321,12.19008087974965,0.1689640234840859,0.18465116233400172
1011941,13.026099142400284,0.25776971153501366,0.11497272787105174
1009051,13.911554327701612,0.2697486060538628,0.07971484889749476
1003142,13.46902389156586,0.26548555881896835,0.0986611938947127
1005174,12.696833026776128,0.10831053186698078,0.04679026555787039
1006737,13.180586692291879,0.1831537875104938,0.06284437503728135
1015533,13.371284314519608,0.05154637655201099,0.009750309323958994
1010963,13.063549262031934,0.31826337416739947,0.1218412054856146
1017165,12.52359284610825,0.3542469815168283,0.16315584897682028
1007224,13.080031300798986,0.19987769494742366,0.12167641747588721
1017017,12.828268202712474,0.12075651804104068,0.06124147498585504
1011153,13.943489850993615,0.07221656246894334,0.08556765124006015
1011827,13.697466214641008,0.29621006347983686,0.13673091971512738
1009710,13.088746038089186,0.3468551419951621,0.152033658729632
1016615,13.574284164762776,0.20979333672648656,0.0891011439140898
1010754,13.263583281600063,0.3049346257722638,0.08666055220724499
1017262,12.953418617065715,0.21593373534116492,0.06800110717009872
1014491,12.898203126528573,0.15449868837265637,0.08266262446523807
1013243,13.608073663568181,0.18729108287019403,0.07564652641044234
1000917,12.84698274967063,0.18802959254776375,0.11753933283343464
1009767,12.808697491624727,0.2768205970142209,0.08863979075529552
1009063,13.410438181835781,0.17511855094044074,0.08607598852563578
1004448,13.047866760474534,0.2275302500351413,0.06253916032774315
1005179,12.717356669888034,0.16904464651689383,0.08141999103208894
1002523,13.093716982388978,0.238906727979343,0.09914125773427349
1012359,13.150630276994251,0.22472495020559177,0.15955622635717642
1007668,12.670968454865854,0.20165389285595908,0.07716782829363954
1014093,13.132482166781845,0.2002474938246971,0.08115111167852096
1009922,13.521486115180705,0.2081040210712385,0.12536071809989044
1015151,13.89068263660314,0.1163611274501853,0.06394055056311222
1003394,13.16339949405601,0.2350150384301794,0.13581745602134002
1016374,12.404089891047922,0.26551723229388086,0.10526368531267262
1009867,12.150419193197934,0.18119276347903518,0.11773977617206283
1013001,12.825425343369924,0.17400574328471596,0.09826651531430972
1005298,14.10103902821696,0.08862201911457994,0.05372190595719689
1012074,12.573361942666612,0.2859892392994496,0.1274197198530325
1016952,12.578418645404717,0.17070690508358222,0.047381334839396314
1011358,12.455880751970343,0.22753415942241387,0.07076443511040469
1010038,12.647891710145595,0.1725151092677924,0.06144768302258014
1006399,13.480072551322184,0.10452957198746558,0.059550208844541645
1016880,11.814653639084847,0.21938972511213584,0.06737779851855354
1004696,13.123982813532427,0.08952158235649584,0.04495485348245907
1007925,12.09255190303506,0.27387226078529664,0.09462812692619145
1000769,13.859880674657385,0.11357614085338023,0.05195393189330696
1003044,13.846558159845634,0.1933352478439667,0.08545202555365584
1013333,13.058737694816353,0.32359474635992724,0.08365744140137935
1016383,13.067822315140056,0.09853944056178421,0.05990288689502056
1015157,13.137389891112978,0.22768476854717523,0.12709646203719277
1005352,13.201861405726229,0.09138956846806666,0.03603669024914052
1007840,12.90580858595697,0.1601996049918943,0.08448296219489033
1003441,12.466501727473005,0.2714197680895555,0.13730938558590597
1012226,12.039023368357809,0.13830445641543906,0.07021668290900393
1004071,13.722502830466789,0.1483632339897476,0.061956701342867085
1009245,12.704452751946638,0.25330352825106084,0.1074788283072354
1009902,13.450514828455463,0.16904105444134476,0.06919618560771809
1011311,13.1911472405142,0.24173760192409585,0.12569328392965565
1010810,13.362974156554767,0.09870120037869597,0.05225543562805499
1005108,13.554706420077322,0.4390684063396826,0.11869269196187104
1009791,12.991521337924254,0.29337547680874715,0.19121103485961863
1014284,13.535685553080747,0.16847494567494017,0.02326954533354207
1009891,12.367956188135523,0.40069278179232914,0.13464644092935768
1008289,12.016704552072262,0.3430634668061949,0.14888509043591192
1013091,13.583415875099481,0.16613226465842634,0.09569278991739466
1010057,13.951849868749086,0.32151096254159534,0.07674612435096183
1002570,12.80743162895623,0.08471960918976021,0.033276704042385294
1007967,13.306758764723417,0.08721383213307611,0.05989516817482819
1009046,13.838609717789607,0.22668904578635152,0.09265388552162443
1011103,14.11645535267022,0.12423665241300694,0.026931417673943005
1001317,13.98499943967258,0.10933480570718544,0.06774676448890982
1012414,12.639444772007346,0.06962457579493433,0.0369505797481154
1010076,13.455023393276688,0.2271187655363596,0.14163304425980067
1015727,12.976954598894773,0.16892923963842932,0.07528279669058384
1009491,13.133444554944738,0.11542676777737342,0.024098901635224632
1010794,13.958130516437068,0.18653811093458197,0.04329450721599746
1011799,13.29297696678852,0.13446010513407147,0.08967771465571704
1004322,13.043372406242021,0.10073699997154206,0.07171680562038399
1009693,13.183337175262599,0.10818275488139534,0.04699564229206674
1012805,12.497618114275411,0.13016921791031494,0.08323246219010515
1005463,13.8726361404053,0.09362407169797668,0.06725019229653681
1001254,11.46721664533866,0.4562253839513472,0.1537281548885734
1007532,12.976440691173716,0.16204828233871124,0.08193629231169262
1016964,13.982014123916537,0.1570820680650094,0.07761650309149565
1008952,12.506709566834175,0.1340006919267544,0.12271942975537752
1015205,13.222551759888272,0.1377553510238341,0.08106520268072216
1004119,13.193388619785077,0.04938290479739203,0.04158781165930047
1008770,12.33627530853295,0.13649368682326604,0.09308572527197423
1013020,13.344907706810114,0.049335178827422006,0.04970125278850947
1003939,13.29006123641336,0.12796103323624541,0.05170601257266891
1003482,13.558789957850934,0.09735686836268237,0.05603057183500369
1011772,13.746981135454647,0.2665349240380202,0.062060646363202986
1014221,13.332965471749098,0.16210734416289632,0.18388324678916657
1014913,12.23399964850375,0.4213429728942127,0.24053428167497498
1013832,13.250916694496455,0.12892033221028223,0.13016051293455333
1005382,13.973714899395306,0.34954632132686025,0.08803256693827967
1014482,13.90018289992177,0.22421572548664526,0.07269651229618512
1012907,12.36734095424344,0.28974132945815717,0.09143986965604531
1010645,12.88472901380456,0.21856925544118008,0.12040915572598317
1006896,14.117220120407875,0.1861017934082571,0.05209644909030896
1015057,13.911822726418675,0.05011497843169222,0.06285099376629363
1015253,13.460303956709716,0.2786195435000812,0.12797027708235897
1013765,12.69337649044116,0.17182993125848067,0.07523117206227316
1008218,13.477418713926248,0.19578931762370638,0.06924783432244404
1000876,12.989707578409996,0.1474150613110696,0.06167376623561765
1017173,13.12258740359668,0.06889998555588821,0.04484071975786044
1012505,13.044041644048178,0.0966273887159109,0.0542444028122594
1002129,13.236648385424935,0.11588607322421038,0.039903727805960486
1017380,12.491434857247517,0.12053577072867604,0.04668614073465688
1011768,13.419013042925982,0.2858655832607593,0.15827091078076916
1016676,12.141169362706766,0.37780973432888915,0.10680800341379862
1017389,13.32443558071563,0.08078405772662672,0.031124399861456365
1002401,13.941836883304255,0.22068447939795863,0.11028662728268711
1014372,12.738444977733968,0.15031175866442611,0.06128963369750305
1007922,12.501472085425753,0.18798798608458148,0.11383175551980956
1000860,13.923623769056274,0.19178568156430312,0.09413688803506279
1015032,12.59412421507595,0.2966735849693302,0.12050096142309842
1000802,12.587901385403919,0.22630702296581967,0.10084018555984696
1012960,12.90927932958126,0.20193703342606717,0.10681588882870226
1004314,12.447645624347745,0.13697442158739467,0.060014962702026546
1003381,13.97117105709581,0.11638296678176263,0.0488112788394177
1002246,12.807152959926075,0.24292949009762857,0.12881351992408388
1010642,13.00781968294742,0.14092651893133845,0.10324200608289796
1012748,12.75084409218895,0.17299052350701025,0.08204144974103618
1007835,12.653268737856271,0.184757001571092,0.058174690733222276
1003288,13.918728907070832,0.13494448757557947,0.11000665779520953
1007417,12.972201443795774,0.33228475681931186,0.10297817906702275
1006529,13.576939773089283,0.06892797254629612,0.05933754481182698
1009504,13.637220842006407,0.21714333627693863,0.1008997682104778
1004693,13.36468547561986,0.15452503237191237,0.09757509492239688
1004034,12.956051248775983,0.1028617611083373,0.031837578346004
1002209,12.692928137477928,0.2791035706301194,0.17675357718542936
1014871,13.0576711144217,0.20268689355108235,0.13672366812013398
1016668,12.787210736038409,0.17504586739738906,0.055277469932636
1017599,14.139393714882003,0.08368651972361651,0.041062297880040455
1016456,11.571963623244024,0.2029268456265121,0.05811282667691755
1001615,13.3341763900718,0.06642126285472398,0.02953540144456633
1003962,12.937189640391189,0.21529383412314318,0.07022003932341853
1001500,13.884455220958188,0.10341213363697586,0.06843937614330663
1015968,13.169332196763584,0.25190285249745786,0.0838133299262051
1016673,11.76114177507542,0.20813012069792614,0.08007085429488912
1009780,13.885868349563198,0.2777501074605959,0.10400725713292133
1004228,12.26226584632091,0.1315959895240762,0.04464604428963561
1003911,12.640211482505372,0.33626752331116316,0.12177890338958247
1007105,13.74294675937133,0.24526556951642706,0.09083049666070099
1004757,12.271350541047596,0.19925821505937824,0.03752984631676193
1009441,12.235066872974022,0.09705497575886712,0.014023958426024241
1015345,12.096986657664116,0.12838318837470572,0.04369139483556906
1005781,13.128337864838219,0.2326000690791269,0.08815202522722744
1014262,13.563907095325202,0.122614275521092,0.09203607636153224
1017453,12.40052196270348,0.2012354505251669,0.06798623822339094
1002270,12.765900165127684,0.25087198930931776,0.1566042079590722
1016699,13.238580447104804,0.2125570279782645,0.081925101481394
1007856,12.516847299584162,0.4895038138791584,0.13899502585704862
1013412,11.737419487094165,0.15574400712308512,0.05679863473999541
1010497,12.905748922627806,0.3179441590832647,0.1357779395316692
1000093,12.6502145315312,0.2456995497183469,0.35869755308380025
1010715,11.801289418918323,0.4245416661628314,0.15375859867806982
1007013,12.024769827075547,0.204018913623715,0.06292323604793597
1002627,12.569978505164993,0.10417091801256584,0.032551435204754564
1014632,12.010218878133237,0.2053488228784841,0.09977680903213468
1003830,13.650005734498071,0.09259029660610288,0.024604299151180394
1011288,13.922833059612515,0.20118671411843175,0.04317319809142331
1010527,13.120876724122311,0.09708876917205797,0.10311655050025224
1010953,11.998502612464094,0.4417968363945233,0.16825713204917697
1014075,13.210308878817033,0.15213596289549203,0.06329445548245291
1002892,12.27442252390667,0.2599259747850765,0.3369148116905335
1011856,13.530388377677916,0.1190419786880496,0.06630360982400381
1011881,12.871316171572175,0.12759872608454803,0.08274238064966079
1015244,13.686363883446457,0.2626206342387959,0.07660974940792081
1012435,11.986159994244522,0.24714884662718428,0.10658636005375752
1011349,13.08161278209734,0.11052289734326648,0.05500754131220155
1000785,13.054193581050278,0.26615061760604514,0.09530605574071596
1003336,13.546781336926394,0.06391868833089077,0.05532217674027867
1005119,12.933645707551856,0.253201187483223,0.1339063381826229
1009594,13.133635407938913,0.08187047249332607,0.03990477878754512
1007633,12.981285089996662,0.21513118429339792,0.0673033654748113
1009876,13.268002515409329,0.14718590048488284,0.07999737613057048
1016245,12.643668036078301,0.3042553602777801,0.13275965394908865
1006502,13.254438940852623,0.06093836940241132,0.07524547027576053
1009568,13.26758642988082,0.1431054036615628,0.1039965681035304
1007555,11.735306900334264,0.11627708688082018,0.02346818726486779
1011944,12.571958557498883,0.18944059176348957,0.06264519457530444
1011084,13.875111198723792,0.0826821803565642,0.027935618687601797
1005696,13.616234302044594,0.07897520888800483,0.013536116400461639
1000281,13.283649763541902,0.16477384387791613,0.060496961042612256
1011589,12.602067068230241,0.24311938975622227,0.2082027737075084
1008518,12.996153838273175,0.1263074128210957,0.08472447334005308
1002486,13.255365033663551,0.0884783100680643,0.03170578176837357
1015892,12.91380436696449,0.19151759035397664,0.06859706015871472
1010727,12.703281957432765,0.1601860318861393,0.0877396519630637
1009756,12.913611525524418,0.1912865344248563,0.0799197025350498
1009495,12.454536599784547,0.12864600589213787,0.06493624207362884
1001093,11.816679071116464,0.2067883831398195,0.1596919111367768
1010849,12.898127110294373,0.1115274604208797,0.10331720403803134
1006973,13.360199528692581,0.07987519840557018,0.05639574629915047
1001739,13.071633259177261,0.04811680219515093,0.02198535899144184
1016475,12.749339514931602,0.33958750060926957,0.1391110541468839
1003084,12.72619185090714,0.25041047140703604,0.21689383775851778
1011898,13.11030262926343,0.1648697223681085,0.03587005888391499
1010426,11.919766033443326,0.2460938475799407,0.13890352570177344
1013103,11.982809690193648,0.19933271931361018,0.05412406883978433
1016315,13.848538618146621,0.15917623039137846,0.047144265576414254
1002854,13.007250417851791,0.041686892193803844,0.03411671997328797
1006712,12.730050986163088,0.12906879640393454,0.10318225267154714
1000573,13.453584443018073,0.2228625007558606,0.1637043939838913
1011350,12.656141397770627,0.09655199097821641,0.04753453434884009
1014982,13.487231717417913,0.39105579383957473,0.11561237394803042
1004054,13.330442551330162,0.31873683456074114,0.13092484567910204
1010453,13.060087779659897,0.30541651666927877,0.10235200929513101
1015396,12.910435704175843,0.1827012691204511,0.1301981344817383
1003879,12.343475274253343,0.1063483612792976,0.028774914921646806
1002060,12.709519940968821,0.1625429890364814,0.03817163606645874
1003613,13.064228393058213,0.09795952351389584,0.03942026244251427
1017304,12.81898874179016,0.08096115883481546,0.02450808292479647
1008928,12.640852808325214,0.34306838479318424,0.21705693727181116
1001689,12.89858728794585,0.22363552207118875,0.08328474012708946
1006731,13.331296342573033,0.35142010914919153,0.120325461373649
1010058,12.952137420186796,0.0787521887056885,0.06327904943328637
1012816,13.024849021051123,0.2700426459007522,0.13949086762975588
1000514,13.201167429990194,0.20892724532332907,0.07161258756673901
1004639,12.99105894680725,0.21667698105021402,0.07219445023306897
1001240,13.049032678556523,0.06282879858313384,0.053583519522571246
1013653,12.876792634618287,0.22548610232617977,0.11354492245389607
1007120,12.854582722995778,0.0769480208664323,0.06048185476268418
1005040,12.34344248397205,0.2250663017909141,0.08315242271816194
1009851,12.89808532995018,0.3138617753293559,0.14033222558851027
1004059,12.882351531303687,0.31919373342088364,0.09715502534497855
1007358,12.841900367875104,0.34450275722050216,0.09787243864667336
1005346,12.194023109899378,0.3173153553544988,0.10309401914832313
1007671,11.965472038826755,0.30385162360115153,0.12013332704568869
1001909,11.629171062475587,0.2851454386664948,0.09591229189666807
1010698,12.652387713889635,0.34785157697359903,0.18995544819568339
1011501,12.808727829987959,0.1683662151236823,0.1131595853950972
1013413,12.080956598998208,0.15856554353608238,0.11879200706736644
1008955,13.17978463097264,0.13527444277397624,0.03619259566798605
1014945,12.403173477934557,0.24867208903561974,0.1302207296704838
1011792,11.822740917631513,0.17471083335608126,0.06977032069909175
1015268,13.05492981993437,0.1323123993293562,0.06665599226275375
1008802,12.708790524182191,0.16822609884891213,0.09898389638925324
1007366,13.062469027514064,0.1491918237063094,0.10541173342097629
1007804,13.660773564082866,0.18456556580638736,0.07513752395174683
1011608,13.101139380532587,0.16026571877506862,0.09130494886607742
1001553,12.731045059657404,0.10651672965002197,0.0886534390628318
1001136,12.896537852052374,0.0739625436588965,0.059360882507549714
1001099,13.358851554062694,0.150139927293365,0.11117085526026867
1017327,13.028318080066622,0.16181705166854818,0.08231519762441337
1014014,13.277186200292277,0.19621071991003416,0.0494068819266751
1014326,12.203564178355832,0.0788277694050254,0.0853457469390781
1016300,13.459716335156365,0.15316008124213887,0.06268311079130712
1008228,13.890482522250972,0.0791316373288851,0.04559934178049559
1008354,12.890958243411234,0.23262668101995415,0.06471961837746157
1003315,12.366696486631241,0.23013659051334245,0.0876450360534539
1008700,12.481722385120994,0.3026213982949773,0.22138127241740985
1008495,12.008216822592033,0.24005947306952818,0.08798631614900174
1003111,13.554959613810375,0.4891093864220362,0.1348424961722306
1013451,12.78216529983333,0.27100272272305753,0.12496059261805274
1002402,13.94298162831332,0.123677974370542,0.03095130310351263
1003087,13.296441485037937,0.18040425205309485,0.13503588469001776
1007341,13.08134423784968,0.22688763423040142,0.07142057042737011
1004797,13.314941361672203,0.16881991337173163,0.11707899062328037
1014141,13.076955995390561,0.20337726648701604,0.10211342954920041
1014701,13.284050955894816,0.414899300100545,0.08751362846301765
1006279,12.51078882294537,0.22917253196443244,0.10122854403961594
1007879,12.321031565682949,0.09821476544050953,0.05909091490745958
1000276,11.947320442345402,0.26011534968434835,0.08738822521704052
1009699,12.181215008774693,0.23468757378867053,0.10668118077553124
1011395,13.444958407550606,0.11417350003343933,0.07544704089606705
1011276,13.045978899946956,0.5749919609513413,0.1450539085256467
1009871,12.888860947041987,0.33668127598091374,0.14345671669167936
1003970,13.121036696509181,0.1674310033379156,0.04400630417012496
1002372,12.235888856440008,0.21113611012302694,0.1443763403435868
1012099,12.991685282672256,0.12882435795943523,0.055786816029082
1012345,13.772356844478805,0.29004732221135177,0.09950876643178824
1000414,13.273105035105477,0.14538386670971254,0.059376243527386637
1004225,13.139293787422682,0.08640582923996033,0.02179963874433977
1011464,13.538088754008093,0.08620774566257149,0.028207744762523496
1004039,12.94673142407503,0.18628821129595938,0.09227857225796887
1009089,13.471132034011314,0.04469017367369615,0.03487105570365057
1003619,13.248686292541564,0.10917684099694541,0.0512489487312943
1013572,12.477297302229863,0.24902683637128142,0.1306062222963212
1007488,12.354307655536786,0.16898234781590227,0.03328898208725122
1005760,12.74476016531858,0.17941860739996832,0.07386705887099138
1004897,13.35831102796027,0.1578622498964426,0.10527967145883055
1007744,12.825418102861745,0.23882047616431576,0.12449266505046717
1008188,13.475415188549057,0.2006856295876489,0.16522997273114906
1017359,13.44725577169824,0.1707336499396513,0.07526459033820977
1015549,12.888712784911538,0.10658672771070661,0.07376914990452058
1008178,13.005342619277071,0.15060983182852117,0.06237633482492715
1005182,12.220654213372796,0.2445755871849377,0.05788568339014562
1013450,12.816106454977875,0.2463875484194731,0.12306673884417649
1005771,13.320413327804589,0.4212331321070834,0.19595768651966622
1014677,12.971582529617882,0.21002340788281243,0.09075465860749445
1011635,12.210268935030925,0.22836813991161212,0.14001602197143243
1012506,13.33008629927041,0.20804300664731482,0.1097847481970259
1004932,13.4288533446661,0.19607372094131537,0.13478523318281246
1000900,12.692962233231862,0.25429711956899925,0.16806514381697774
1016826,12.666086110104647,0.2634133557464987,0.12163870756648645
1009465,13.458259139148113,0.11361639098709925,0.057517966625773666
1014144,13.912706933550956,0.18244289244946707,0.10195900907463566
1000166,12.888056717792981,0.09337427093281464,0.09029436564721612
1012768,12.215127774642252,0.1930846437669702,0.08945814003419109
1003635,13.010150380284884,0.14403412964707538,0.11228545113767094
1014363,12.874365273727102,0.1883898398106608,0.06690619039780514
1016404,13.178544745195824,0.10573674613111123,0.04062263034148806
1008862,13.222550732857833,0.10659765954183108,0.07958653003879407
1017494,13.741334567273741,0.25290412854877586,0.06377395933555172
1005570,13.078658460125622,0.1487344398257032,0.09446998637461973
1005794,13.201678078939967,0.3842552383394837,0.0855372389769209
1008153,12.814504520907882,0.08684643025726269,0.042631682868274415
1016882,11.605658994981123,0.20367980536694033,0.08133753101598047
1004057,13.363235165689654,0.06666354374582914,0.04113560112980016
1002132,12.813873105437638,0.10377292733791711,0.057785830327355445
1007322,13.564980476794451,0.11836564819486878,0.06450896808628001
1011726,13.028356577722787,0.11820619477882223,0.0656670018706983
1008950,11.724567669148012,0.2685031112468494,0.1830531556350356
1016488,12.949006704594712,0.21019455733829395,0.10545211160574468
1009218,14.000622483444452,0.11020816057306022,0.04691490427762591
1014416,11.678481115549715,0.30910584274166186,0.09854743402323536
1007046,13.48464568661661,0.1335553235278269,0.05387161150387126
1012158,11.627470665735743,0.1431818931630555,0.03369189911269108
1009682,13.833955567312312,0.2792511262368765,0.09477981117403102
1013938,14.013047968241304,0.09007293484738116,0.06118204748748743
1015313,13.080188788989068,0.17615553790365635,0.08664130224291422
1010618,12.667744439591052,0.3486099718758825,0.10957308152279895
1000467,12.75551944561661,0.18590255888235063,0.09143650975610862
1004604,12.87193766900896,0.08224911849273368,0.0685514826105131
1012128,12.080550278928222,0.28776945683310795,0.12046807858811627
1010598,14.078815400250093,0.20754017796781338,0.10125165782831555
1014166,12.759047608970546,0.12803112019265206,0.134317066038219
1015366,13.212834867328707,0.3960935459036083,0.12943400857073195
1011080,13.455664289099225,0.2800088045686908,0.12082019284294679
1005618,13.072135447107101,0.1485325013371899,0.08930573461326453
1004694,13.004632984979613,0.128060003619776,0.09256683574827947
1002869,13.164059287147142,0.3958104567045129,0.13477622700516767
1008297,12.490437691585052,0.14087952791700276,0.07975164355451946
1009449,12.56840065746241,0.20646986049132993,0.1684186594565462
1005008,13.198458298442008,0.0460897141288837,0.05498717472914356
1008134,13.14558420899269,0.026342179738502485,0.023950653435236967
1013331,13.062226079030083,0.049642732978552095,0.05246890722573507
1003401,13.257787039405603,0.24196933136370305,0.12844669318384128
1000350,13.01340511033519,0.12473631989477586,0.11478388210514627
1013680,12.990848203779747,0.05909283516122568,0.010069717841742534
1010182,13.623299896998466,0.20704494496601492,0.09653793169847891
1015556,12.297978567255376,0.30726669929619643,0.18823264321351973
1016948,12.555844573551534,0.20251492981552952,0.11150250803358924
1009250,12.953505908701251,0.14547452873629893,0.03035689777819112
1008042,12.781608883973128,0.2899358724968397,0.10152574964211238
1005161,12.786941721908013,0.1354859071656917,0.09541630333236822
1014385,13.743149142942956,0.27389032547998143,0.09108737840146205
1010494,12.355729710540727,0.28071223498764813,0.07959308417718768
1002494,12.764152246825406,0.29107946625878783,0.146626285739429
1002047,12.879765758531475,0.28885009160940106,0.17366079410620866
1013667,12.008230585228729,0.3753398362245278,0.34446357872328526
1008793,13.350146860886008,0.28792733347212585,0.08965508506429519
1012643,12.396076454569176,0.12475365231802175,0.06345679740381222
1008003,11.851816144235713,0.17614273946848366,0.14487535545660268
1002636,12.883344594207308,0.2128795150517525,0.12508709194330897
1014430,14.070704990969446,0.20553692846961427,0.11291195760716763
1008758,13.66647268198259,0.14390276360796977,0.06307526336963055
1013611,13.682935184879367,0.13429392868849405,0.054919906518021366
1003232,12.164336876379018,0.26753566141394264,0.20566263825604575
1000457,13.703790356026591,0.07304610498260727,0.052364542423277864
1010111,13.52755204277578,0.24969589505321396,0.10334919042847274
1013897,12.991020668458106,0.12516831590819327,0.0648574837552182
1002801,12.619308800685431,0.13227975493810015,0.08696880134171114
1005168,12.385170229261911,0.3409447010859523,0.11338865731197607
1017324,13.422052465545278,0.10508834148904757,0.04692947572527737
1009217,11.976292417530699,0.21965790604032495,0.07532443621981164
1012964,12.643986596697141,0.29832739598339175,0.17395140552292782
1015000,12.842224895654828,0.1223845526403977,0.06047748451180735
1013057,13.523296076293725,0.07525835195904654,0.08605176480315559
1010136,13.494755912266113,0.13926923282455264,0.05525441615892257
1016749,11.95746538222089,0.2873733409046938,0.0996266452524763
1016466,13.5004346334846,0.1992545196776535,0.08634962406390402
1017490,13.201571538774196,0.15317675515953857,0.048431573086062385
1009624,13.611160343342027,0.12879565743367064,0.04607896534330988
1005575,11.731234426436345,0.2364938320111125,0.11024712306994018
1008151,13.380937999965804,0.20278300096210772,0.07771300643807814
1011551,13.451559312773897,0.17593820952123115,0.08505317799652973
1009417,13.251041806289583,0.22924033577791725,0.13912329442631854
1003490,13.901944696002127,0.15194752224493097,0.035764049710574924
1004844,13.808361580855241,0.26397079560872455,0.14147587968105005
1004653,12.349507948961735,0.29178693182123,0.1072485630956917
1009526,12.551193061323552,0.13448624762937292,0.08102835995925538
1004295,13.689234240858793,0.09325454317693165,0.053781424966545394
1006857,13.15751893001802,0.0953413822400511,0.05408078548807232
1006269,13.117423266421111,0.06514927333179087,0.05566313807712451
1004983,12.574190777105946,0.4145839911041797,0.16508006311789541
1009053,13.877231832340236,0.1044160189519949,0.05517675981400183
1008824,13.837947585992568,0.16096860272534352,0.023317915047137955
1009358,13.884282862970485,0.040759605237086986,0.039690253530189915
1017142,12.621933318773095,0.22812160201800089,0.07591494445688167
1005032,13.2843444761993,0.3098706682246342,0.09349374542650876
1001440,12.937469772749514,0.30412886303313685,0.09893844022355966
1014459,12.918632209141952,0.2694041240191166,0.1800737565518987
1004795,12.750517427060595,0.25772131975808227,0.1451954684442075
1011066,12.825153851211669,0.18641168351647489,0.060542154504388844
1007316,12.906460735485469,0.07692792531281901,0.06380571251194704
1014177,13.341876535963635,0.0913784452212391,0.051951440528923004
1015743,11.880559903935422,0.28743022956342174,0.12324713853719273
1002158,12.572764915821985,0.125261401743235,0.06116501496090078
1005257,12.765439942565182,0.1342889323526377,0.045743821854869714
1013278,12.084118574457825,0.15101980787944622,0.12836646009740021
1002102,13.43669163367669,0.08690688633632446,0.0521093198023411
1004597,14.012280983975922,0.08694726477703452,0.04903124659616276
1010652,12.791693902725877,0.3067726471675988,0.10217272463540765
1003958,13.239510092784663,0.1064832102058989,0.07504464101274197
1011804,13.584400589855282,0.1954547665318868,0.09295408555751856
1004719,11.654482207855503,0.39280549267043685,0.10873772507760654
1009278,13.148153208990513,0.12187854211488351,0.060270910580077726
1000179,11.984104745291871,0.269796367787259,0.10781477869059916
1013077,12.549555921407313,0.2385850577245851,0.07144254231915814
1006420,12.87019635599645,0.14823792051425508,0.07027703631540494
1007214,11.489663191286558,0.285727895591518,0.129583430610854
1008293,13.241342099881848,0.07762384835249277,0.05726214311459691
1012629,11.910348607907018,0.2178893905633753,0.08569460942724437
1007593,13.777768742950585,0.16260102308859822,0.045584390563872874
1004889,13.119384104411166,0.16078538319387903,0.10025826878908109
1008413,13.660580139086097,0.3001809885843221,0.10698732654172377
1013776,13.631037091858266,0.17384090281043638,0.13433815876530086
1004226,12.787228506027672,0.42442997304168056,0.16539112952556112
1003005,13.13953159361325,0.06500104069734199,0.045060719991167696
1006755,13.980467357687909,0.21388327251897993,0.07500910416469525
1014345,12.843357740610012,0.15695189515775057,0.15812297175355763
1013260,12.595066731729537,0.29727988689592316,0.11278554707790833
1015644,13.385817433901872,0.10328275384573275,0.08223684306164498
1011517,13.152409116205618,0.1260958869030465,0.04109737097704494
1010265,13.888626119777792,0.07516121507350859,0.060035565535015566
1007958,13.661749037522542,0.22022245055748638,0.10497650408168462
1012961,13.107620502212264,0.05000216981153332,0.0427924127401424
1014624,12.336101987340754,0.23555393294433727,0.028223999851137948
1012434,13.937290763739567,0.14680751069387693,0.07075748817836627
1007388,12.964319575500552,0.1992673250482505,0.06766159588950106
1012272,13.191760921788271,0.07557280046253752,0.06716038938549841
1010975,13.128209863684091,0.1459745159486711,0.13018375012905192
1006424,13.932811653417495,0.2422839103000609,0.07649037473139983
1003594,12.66383127506618,0.3378651222360463,0.09656031825280893
1000924,14.00370763544065,0.0781454665416649,0.054318165218527344
1014594,13.431353777227548,0.12490593172016755,0.06143015468947406
1002821,13.85743651415075,0.18756722197337203,0.047273501710165707
1001211,13.912789529423147,0.09584531686381437,0.040843177810232154
1007161,13.218584297143309,0.08657833979802979,0.03521614449683734
1004516,12.594592758851517,0.19574455200865207,0.0883483298930619
1007721,12.492290021297414,0.11923361111616927,0.03184765776493748
1014420,13.115011006953461,0.07826967076783091,0.03268880399164827
1008142,13.462452241083064,0.19985664985762025,0.07258911893754344
1008057,12.188235240721236,0.23206037868059945,0.13422565886855078
1001798,13.15485717437022,0.23962246272091867,0.10669059619589978
1004133,13.843844952580413,0.09651691384889552,0.0587576718060946
1001528,12.17182230150543,0.22303697381919216,0.10864670456138094
1004906,12.386671442989602,0.27389850751127387,0.10750210329292337
1002099,11.60058216390008,0.35133033024342675,0.18153787682866301
1002477,13.138884814147389,0.11654835274017938,0.10536223132366526
1000926,13.393300521636492,0.2929965923336309,0.14789423267884894
1004028,12.45126462250318,0.0827305782983054,0.0500318844151842
1002689,12.0540745984382,0.11839442541648121,0.05233880519210739
1007037,12.770943527090918,0.25036984152447606,0.16507585235092442
1007572,13.150420413276002,0.08006329216109741,0.052179423728090334
1007059,12.591660337937064,0.26130733439600207,0.058982294610521936
1007757,13.253077394015316,0.15971595977491684,0.07835122422478859
1012934,12.960249973954232,0.2729753136303917,0.18293235913277797
1010237,13.635325372783067,0.2381736449345905,0.11770769171707053
1005797,13.145128730657163,0.30481074944089626,0.10081070396337467
1003267,12.904806482998952,0.3412456392126943,0.1444687405174779
1011912,13.9824347308544,0.13285934378370734,0.03878035260771582
1000946,12.60119889212779,0.24104450042577208,0.0957727783446859
1007123,12.620123119002118,0.07870381630478919,0.061781429550293594
1009484,12.68955454419901,0.06497084869902958,0.04172391301221827
1011737,13.705933311215711,0.29341379238885185,0.1350813845865838
1006924,13.14652292997009,0.14396388045192446,0.07731043193553815
1000879,12.313330193931249,0.09365063597698017,0.08448951657282776
1003919,14.198109056488477,0.19074535217006486,0.05535291324024799
1015688,13.06375175962537,0.0708920870492324,0.041818400739960536
1006781,13.857787032001305,0.08275434214791516,0.027641029772644165
1010035,13.074917614519013,0.2682731523477953,0.11133504415886437
1001441,13.824335798151449,0.5597517473085211,0.15211631486477875
1011296,13.187999486157445,0.2760462954203335,0.09730414595737423
1017457,12.639036943946968,0.15124155024143948,0.07679395153229153
1012860,12.605235542998491,0.1884255217895807,0.07538463586469904
1001561,13.191504244646287,0.057853454830670704,0.021808358421492105
1001804,13.48462057528551,0.19099729261246698,0.11777672851577445
1013038,14.079470800238644,0.2638102109512503,0.08561164642155157
1007148,13.206851925165033,0.1452509733001268,0.08467054207265702
1011346,12.62444534300708,0.13081428974287765,0.08768173656640951
1009472,12.130238350349764,0.2434465769476024,0.06649018421839971
1001624,12.398923877426073,0.22945906082454595,0.12022890359796803
1013841,13.191252204669091,0.15167093100634313,0.10957696737981343
1002875,12.638200745942745,0.08325733355734799,0.03898508514995236
1009203,12.91382993077059,0.1728251091971678,0.12720876126522487
1005976,12.758232015991553,0.2243501380442493,0.0881412701517815
1013287,13.558153443854728,0.11170488542995241,0.09451900944042524
1012677,11.905807808351467,0.15730673999048034,0.10194850683048368
1014571,13.55789614147117,0.2771028785012724,0.0769449396337766
1001094,11.91443163665439,0.5337146178607372,0.28923920998217517
1013185,12.893949247734923,0.1215970505147659,0.08564828987223837
1006012,13.111612105256686,0.2547651459050577,0.11319574322009719
1003195,13.196740314607126,0.1397890228004755,0.03835037705563316
1006899,12.76671204158341,0.0990773049107632,0.0510515737791736
1007674,13.144058561780348,0.10989218040505087,0.04489009809852183
1001824,13.640261755662396,0.25241309185770405,0.08539686043666929
1012064,12.771243059157584,0.11395291777036935,0.06521514809884602
1016649,13.017659284478832,0.20496978675137315,0.10622701542414559
1002215,13.813721533794071,0.19673636763394683,0.038323605543000926
1006662,13.040888165532433,0.24707909979370496,0.08178876193204557
1015812,12.908402065983077,0.21571930537177467,0.05375396044208746
1008926,12.261088103737759,0.2334393084846622,0.1743287425782245
1017126,12.90883565541772,0.0839999026433199,0.047840328463955556
1017097,13.585847212897948,0.19966992035477904,0.10978282538743891
1001600,13.692341961031874,0.14393647534946685,0.05755908206714579
1000402,13.149258139024845,0.3456495849502881,0.09060195998819608
1007277,13.360179410339272,0.15640327814253002,0.06239840576149465
1006512,12.370774012219194,0.3440751032530909,0.2392015327401467
1001149,12.771952547962309,0.27407432034193907,0.11237524252223162
1014399,13.069913738686418,0.15759498985750703,0.06351613095787585
1012592,13.811560881460052,0.15590411652362896,0.0567584164030818
1007065,12.20013280814068,0.2716917276823166,0.12145057224002519
1009536,13.082352766981609,0.14271445348325054,0.0546282201783072
1005520,12.783712398200095,0.10983088201900497,0.03970763975504157
1002971,13.730492480563635,0.24063023927472235,0.0762430110780734
1002906,12.33137494518404,0.25947861492571994,0.15577246513920956
1006649,12.786702745444877,0.05527285941812372,0.02832225042189274
1016210,14.076242599230854,0.26073148616793757,0.11729210802269627
1004743,13.143411016491093,0.27562371975732436,0.20209243414649006
1002736,12.695591015883252,0.47811673932406684,0.15843766503895024
1012245,13.836880687578557,0.22384851095889025,0.08036731236045355
1003180,13.023465309253538,0.1574080733120475,0.09091532007625266
1005682,12.822053014843162,0.12864997599107195,0.06096021679284835
1012249,12.67664983335675,0.16367822005157387,0.09014586700671641
1000333,13.328241854376541,0.2262385161594273,0.10711413884552416
1005917,12.518816908679367,0.24281861553036668,0.07162998909554413
1003413,12.910909974055777,0.0953454403887073,0.09766199590619795
1002454,12.012801753391507,0.2340009538805263,0.10335054978270594
1012920,11.901565729177598,0.3531987844332921,0.13585238114017664
1002264,14.131042690382323,0.10345951050290796,0.0750579271765393
1009366,13.67308101575121,0.2796346697986786,0.08977164188300624
1013320,12.35742863566052,0.1142055216452676,0.06535887271382289
1008726,13.849814969313629,0.3203267051730432,0.13306332530112736
1011434,13.128387498335742,0.12526958261833654,0.055178159960363425
1017378,12.059408456106798,0.22603668007349548,0.1438596181545021
1016103,13.15842676958355,0.10753617659819685,0.04976274686463487
1011939,11.756706126949238,0.11931790101705234,0.04418255414703537
1002012,12.676978313962465,0.18378421061981118,0.06649037319015248
1003729,12.776528763107283,0.19147094024734748,0.06671071164921225
1013770,13.658410428122892,0.08397553277488079,0.03034513935798642
1006518,13.556221381210198,0.1662994353085962,0.13308577391418977
1015326,13.405026006970713,0.22300762589438042,0.13280724849383208
1002908,12.406513693075352,0.24276680576345683,0.10502573680827884
1008671,13.268563530209288,0.10650163762935276,0.05186414203134946
1015699,13.212340262140781,0.22537762575554565,0.06546161988762655
1001315,12.771783279449814,0.29169857335144905,0.12488643885112373
1014470,13.230097389394585,0.08011712206519468,0.07417781288620785
1006748,13.11956927228192,0.16763007883477923,0.10489635017815806
1001640,12.901124981290323,0.18880941617741095,0.11718739006673297
1015417,13.238124408922609,0.09843182922659602,0.0591132463516593
1006561,12.710227656798622,0.32520479337136204,0.12177268484110966
1006373,13.503272157281684,0.2599297038530339,0.11670969715275421
1008561,13.347233177143073,0.12780902370302905,0.13464764706341356
1003176,12.765765663600613,0.306520721206615,0.10302085043509784
1008387,12.265800032592635,0.24932638399189785,0.10193139954153173
1001461,12.90235065563468,0.18405482566651227,0.12840654088780643
1014920,12.806970623512143,0.11790380567288387,0.05031355383366053
1004854,12.999066278349265,0.2747706858831872,0.23209286938192247
1014090,13.497039649391887,0.2176436489791496,0.05760737553701966
1015372,12.936984691676534,0.32200681482616944,0.07907723017189688
1004136,12.929208492836478,0.18736919838752475,0.056017614923711836
1001143,13.380380361759126,0.1508074272576621,0.06109219767585567
1012674,12.810079792952852,0.08288808004918516,0.029549179872544715
1011189,12.99920711790098,0.24579382610110626,0.1241773612974577
1009679,13.980822701566542,0.09344009754637456,0.053161866902558155
1008381,12.920049477845302,0.13674602490204946,0.07016773012636085
1008636,12.719732911377546,0.11767636312397142,0.04786712664925467
1008041,13.107424869722193,0.12076188003511798,0.03119127114163673
1016744,12.494137578768262,0.25693166137193024,0.1079544088040294
1003663,13.607581564571353,0.20588974543445374,0.07367803246324159
1012827,12.014274949184943,0.21542193687783437,0.13698401677868594
1006449,13.613431900144839,0.3244620322446021,0.18712070688265928
1015016,13.14228095685511,0.1993343598692303,0.08309233786695415
1012199,12.764574612228413,0.2369313818516212,0.12644657475095764
1004589,12.42080660442481,0.222407737952499,0.08280898949545921
1012297,13.023150944278377,0.31391052978407663,0.17877542553640408
1007718,12.840504351840295,0.11672238285753743,0.055469301568915115
1008588,13.370755794384566,0.16810719005344343,0.08651749289666663
1015201,13.901197351027378,0.11601370028190817,0.08903370065105792
1015168,13.08065115253551,0.1759561175320767,0.06413903569303053
1008322,13.400206543720179,0.2435730550104791,0.12702594185702965
1014109,13.076027066886502,0.17769326372819927,0.06736947913750586
1007943,12.68324209746658,0.19315075477085733,0.1600071302700685
1009635,13.571314768985603,0.19529368915955025,0.07903337719804732
1009657,12.911444205143313,0.1806811010167132,0.009378524360847393
1007639,13.466736550826107,0.2684673322979663,0.06398098362060377
1004024,12.553650881860122,0.2091778457975683,0.06781298436017764
1010382,12.32257998629161,0.22653429147456813,0.06399049760242395
1010994,13.2766031337855,0.23042053385597752,0.1247339525120763
1011717,13.296531124981023,0.12064341919059726,0.06361974934922145
1004888,13.360713554646685,0.24046227761801933,0.1255001986551181
1013315,12.448812782567714,0.15075889453707797,0.10460735501045859
1004191,13.390872879143979,0.21891213130631443,0.06784256841336823
1012191,12.7852944838137,0.10434266176573459,0.05436031729024574
1008157,12.761911887536138,0.21254288567816942,0.11921731328839559
1016945,12.912599302355089,0.11287428133804132,0.1208011407598576
1013567,12.92073969563368,0.16008359349116133,0.03955389646974588
1008113,13.260168347922512,0.16513141510166607,0.07117161733431979
1000199,12.979158319001488,0.08820458793493077,0.12115166180234388
1016868,11.990420948018949,0.15975655968625938,0.053847833019620116
1003075,12.599801995400902,0.1438940621215552,0.07314078523190559
1007622,12.60338408316505,0.22701575718832503,0.09381727854052123
1012637,12.885656291591943,0.0519229259502015,0.02817970248023458
1001787,12.954515748102478,0.12613565234484886,0.08033441213912838
1009731,12.856936860038447,0.11264072034001608,0.07874270950212305
1001891,12.343428369080128,0.23340735842180088,0.12083273469505208
1005456,13.046152745393812,0.15310941708365716,0.0866782081752167
1013645,12.104422948160648,0.14693463941312843,0.09534320983062389
1006453,13.128257501947147,0.21677403173749368,0.1045507459802912
1008445,12.666911635191063,0.26379224939724366,0.10628224015221488
1000595,13.351387992557848,0.18439650163086596,0.06906938152351484
1003137,13.086569922238917,0.378011206276674,0.1075108129452356
1007960,13.57974120981427,0.050944594218708734,0.04615531893542444
1008081,12.66240466945274,0.23245220373259007,0.09714575919654121
1011746,11.65106838876056,0.3275177038284827,0.16699293497583137
1014710,13.942215455689308,0.2759143653522296,0.11700659109479077
1014563,12.075816555391514,0.32614596676235524,0.11247069356690509
1010199,12.539215419203007,0.1656311131333441,0.06338932235182242
1009797,11.923360548674225,0.3991459381596168,0.12036424696254579
1017375,12.237111326647058,0.3174673091744323,0.08281907123268954
1015206,13.95749783189509,0.24319599971237874,0.0798400569786917
1014292,12.263614246850526,0.2399410289615762,0.1228666515023468
1005959,11.469079215001225,0.18250413269502616,0.05708967186437154
1006464,13.126179346629188,0.35612690553273507,0.13196933204916952
1005241,13.335194068987596,0.08257059000707728,0.05117969781586093
1004354,12.184274106209457,0.2069350515008962,0.14432635237515795
1007450,12.316291891816434,0.13973706807772893,0.046818361488021265
1008363,11.941025172554868,0.2889519917995267,0.1816078896356137
1013700,13.860405199156846,0.15246151300145697,0.05886776179925845
1010418,12.777060579295265,0.20560071724777082,0.10991586433361979
1017175,12.936116926113451,0.16171204630952865,0.05754370760717298
1016062,13.490467412021404,0.2231463948367977,0.08278167393779585
1007307,13.374119613690025,0.2808916804370383,0.10676304470289132
1004435,13.451894708817933,0.19431264490295075,0.16756746956494434
1005337,13.891849477851785,0.1958675455284313,0.09903889358806352
1003491,13.704497001816335,0.33421136185581546,0.10626675463240257
1002513,13.625437486335027,0.23539071041773305,0.12970918829553796
1015346,12.766869443259967,0.1399561979713944,0.1081627623077647
1002388,13.44327484223998,0.08730510327199169,0.05050231781693741
1011196,13.09397656583825,0.19084709270712133,0.09298130122801154
1005335,12.947025011634276,0.15537049974894615,0.031022247540483036
1014309,13.215640132466719,0.13103796467743944,0.1320499368490832
1014272,12.771164513947857,0.12761339806481126,0.04868875650216322
1000473,13.528957989724207,0.447177855635264,0.13508693499599764
1017052,12.44740953299135,0.269673913033022,0.11614657558733277
1006514,13.367306930689049,0.10707750713383919,0.04996515880504734
1007437,13.328830038728787,0.12768374474506222,0.09456516882607124
1005903,12.236454529626512,0.13559437998775822,0.07724103423901763
1009776,12.790496060218748,0.1531951456120507,0.07881915583601753
1013868,13.279937633399427,0.09336306593414218,0.05632275052594598
1013843,13.96227108227988,0.11502310474367824,0.07092762964280223
1001343,13.900134768648677,0.20071294060901018,0.0658211982793023
1000528,11.878048609852932,0.2486630812035594,0.08373869559770025
1009468,13.07733543465274,0.2663877714528969,0.14521348860383293
1000930,11.630376625427074,0.16828152982137537,0.06716596089778519
1011426,13.116160328872663,0.23345826324462185,0.06823471220031305
1004629,13.383340001337588,0.520430073536165,0.17301379885356438
1007294,13.403715923265947,0.40356144535979727,0.0969373789292455
1005585,12.896451412102902,0.04626764381987531,0.05114029531708063
1001358,13.31583748671103,0.3096191676720356,0.13406371748155582
1014612,13.527786002387417,0.21390658870937218,0.06953001965126611
1016044,12.372968888709726,0.3941621080140724,0.1337047669410321
1001029,13.04777706033777,0.034633158010218525,0.017511083614278177
1008393,12.30007379388015,0.3063429599805125,0.19471938336657602
1001548,12.505347245547194,0.20280501140940035,0.09396593412857221
1003119,13.919405531785825,0.1764347191538019,0.13099204326110436
1008460,13.333204323822033,0.14041535803028055,0.10943304760611995
1000983,13.282368509226702,0.04105691124598967,0.051021341080325494
1017584,13.02119011588938,0.1833805607102673,0.08494747231847252
1017117,13.437322246180676,0.1358874519559138,0.07419918733321355
1006190,13.260731109358458,0.09611858744126416,0.0536444222381409
1001666,11.89187516394576,0.19166821635491274,0.05166754954199198
1015509,13.103406967351207,0.17503273150506282,0.16424120142869625
1016784,13.052264199391042,0.16903350162647862,0.07482981052273593
1006395,12.633089085529571,0.31214885266867576,0.11990859933772309
1007413,13.082811108788162,0.11990139604180261,0.04349599956535275
1000380,12.620015506672495,0.40740101996042516,0.21101142394572453
1003961,12.538996607936374,0.18248596138454304,0.1004591184320385
1003556,12.735432598333345,0.16378537162428128,0.06675055275018099
1015935,11.972675087950527,0.21374612326935805,0.1199759300059705
1014283,13.252517116404238,0.19637575602609983,0.14233614614887613
1002098,13.397359014106211,0.04706919086989178,0.05111143515355795
1007285,12.917340642848275,0.051926883832224366,0.03010506192281102
1007750,13.135723148447527,0.24607828594841294,0.07693664739462178
1000063,13.250895477361619,0.04911441429804364,0.012578441958319078
1007613,11.867117499840669,0.30184744079303105,0.05906755191293375
1010421,12.793251020344282,0.17433117250004396,0.09107553815668386
1000481,11.842865190991681,0.20750855905783092,0.07026617638676487
1014940,12.988372436977235,0.1879406372789835,0.12912147843167332
1000497,13.106043757729473,0.16357037471457914,0.06043077319707267
1001105,14.090253211495474,0.3103287350477936,0.10169895637659784
1002030,12.179279732892681,0.08354103371517956,0.025657347913983424
1008093,12.140329796600573,0.40371655827839353,0.18700624827339324
1010597,13.122649605515214,0.1422959753458292,0.04423151162444361
1011248,12.809221690303508,0.222921993894247,0.15568173886924647
1010217,13.169123690845998,0.10073749673065344,0.06080199701507598
1013880,13.197499888678134,0.26749564403949083,0.08326487366340737
1000543,12.988091263505046,0.07072323368843116,0.028462706891862803
1016234,13.293493980058848,0.23266406197002543,0.20588761493039842
1014992,12.999499894244117,0.30242179443225314,0.11559058517820874
1003697,12.78534337023686,0.19031937479364397,0.13930857584803766
1008414,13.181060998085695,0.3472489362017598,0.15421689942064817
1006911,13.826067151989859,0.24134053630487107,0.07698349253286772
1005702,12.831550027246884,0.15740360930889735,0.09980894817717172
1002517,12.414413019133457,0.17103200267271212,0.11539677591205941
1001326,12.623149486974448,0.1905784571005569,0.07399102005231821
1011397,13.015043749731117,0.3255812582280188,0.08325298470225254
1004206,13.475529797734815,0.1782925023533076,0.08302088610022418
1011421,13.141532415781414,0.14528056300546027,0.08012114996522396
1002969,13.00415348542524,0.07230266821591723,0.05001690985377604
1004535,14.071837385810937,0.11985322206776963,0.05901025044871949
1003981,12.758959631353141,0.30313968289970733,0.21021963781059969
1015448,13.066772716679566,0.11676002477498316,0.06413971941704033
1012921,13.758986865545074,0.23806166747704935,0.10575846743975938
1006922,13.438418704657046,0.1839555788125744,0.1101731223834257
1014685,12.517270274572436,0.22007131052945572,0.08304343172984477
1012260,12.84291581168282,0.13758513137307563,0.043197073724178706
1002036,11.950314799641712,0.35221547484247606,0.1589054151326189
1013026,12.795094445154746,0.09186299715198104,0.03083504573858923
1012989,12.442971787920563,0.3302914722500008,0.12298290703385949
1009437,13.45420029761793,0.14721822939287976,0.06433904389860588
1011909,13.03755971598254,0.3592877880155121,0.09059279100299067
1004466,13.622514406747563,0.18383762095474568,0.06635201669530036
1001554,13.030735177261787,0.2299289381574348,0.07767811468125652
1017464,12.774523941396025,0.32720383653879287,0.12129714847441209
1000020,13.397172467354968,0.17675273232682845,0.09195154985226245
1013314,13.055813126857963,0.246255115456872,0.15991177860099803
1012365,12.825776670316833,0.21405554271857785,0.14447041910537603
1013476,13.386301611683665,0.06445651371923523,0.0704269467419121
1010951,13.067501804105573,0.10524899142214653,0.03776883499514717
1013803,12.361528334678503,0.1628340466067128,0.07311767032803074
1010637,12.908785279944485,0.20480205512199634,0.07391208839975864
1008415,12.60715987105658,0.25509273446071523,0.15482034606959702
1000429,12.749247648411176,0.14922909339761334,0.015629778682062067
1012933,12.910734470217557,0.2328484715235909,0.12975166426970905
1014765,12.542965881761274,0.36894623786033187,0.17409418140513705
1000725,13.555894945142382,0.07125727397229319,0.04281976160609744
1012727,13.134881539264748,0.26672789905545335,0.14707382878246725
1004318,12.525367904646462,0.17257746009313224,0.0902498129750646
1016086,13.621205178724438,0.10634865669700114,0.05280035775704834
1009587,12.294860930434487,0.14918912916533386,0.04303781224449505
1002235,12.887366511841202,0.09049142450136086,0.02643952825707925
1007605,12.571558813594619,0.07363870408050309,0.029895892343854057
1012417,12.587206291903977,0.1411629093660434,0.07566084871704239
1015471,13.459160678634815,0.1396706564950605,0.04959101258335206
1009407,11.593861223331073,0.22853173559985945,0.057997739690370156
1000186,13.206256688195792,0.224205325438068,0.10259878337324635
1000719,13.167049740051787,0.08672558390283355,0.06245010232767316
1013863,13.17760672521862,0.11934933965336125,0.047724816661613864
1012780,13.740136305424082,0.11755144034267775,0.037293519474562144
